#              step               time            E_total                m_x                m_y                m_z          zeeman_Hx          zeeman_Hy          zeeman_Hz           E_zeeman 
#                                    s                  J                                                                         A/m                A/m                A/m                  J 
                 1 0.000000000000e+00 4.115041994556e-18 9.667192308641e-01 1.257375483262e-01 4.576866821219e-11 -1.957605800030e+04 3.421831276476e+03                  0 3.486093243218e-18 
                 1 0.000000000000e+00 4.115041994556e-18 9.667192308641e-01 1.257375483262e-01 4.576866821219e-11 -1.957605800030e+04 3.421831276476e+03                  0 3.486093243218e-18 
                 2 1.000000000000e-11 4.114322968139e-18 9.639133363762e-01 1.352034776913e-01 -1.251285932046e-02 -1.957605800030e+04 3.421831276476e+03                  0 3.469633968117e-18 
                 2 1.000000000000e-11 4.114322968139e-18 9.639133363762e-01 1.352034776913e-01 -1.251285932046e-02 -1.957605800030e+04 3.421831276476e+03                  0 3.469633968117e-18 
                 3 2.000000000000e-11 4.111788309573e-18 9.551431514705e-01 1.622661944206e-01 -2.439459504504e-02 -1.957605800030e+04 3.421831276476e+03                  0 3.419816533525e-18 
                 3 2.000000000000e-11 4.111788309573e-18 9.551431514705e-01 1.622661944206e-01 -2.439459504504e-02 -1.957605800030e+04 3.421831276476e+03                  0 3.419816533525e-18 
                 4 3.000000000000e-11 4.105948801512e-18 9.390254432335e-01 2.049564614715e-01 -3.537415408903e-02 -1.957605800030e+04 3.421831276476e+03                  0 3.332806967883e-18 
                 4 3.000000000000e-11 4.105948801512e-18 9.390254432335e-01 2.049564614715e-01 -3.537415408903e-02 -1.957605800030e+04 3.421831276476e+03                  0 3.332806967883e-18 
                 5 4.000000000000e-11 4.095816480336e-18 9.138244950331e-01 2.604146087974e-01 -4.515949102453e-02 -1.957605800030e+04 3.421831276476e+03                  0 3.204044963998e-18 
                 5 4.000000000000e-11 4.095816480336e-18 9.138244950331e-01 2.604146087974e-01 -4.515949102453e-02 -1.957605800030e+04 3.421831276476e+03                  0 3.204044963998e-18 
                 6 5.000000000000e-11 4.081003123561e-18 8.780794673166e-01 3.251020554949e-01 -5.354641562717e-02 -1.957605800030e+04 3.421831276476e+03                  0 3.030422408604e-18 
                 6 5.000000000000e-11 4.081003123561e-18 8.780794673166e-01 3.251020554949e-01 -5.354641562717e-02 -1.957605800030e+04 3.421831276476e+03                  0 3.030422408604e-18 
                 7 6.000000000000e-11 4.061624017377e-18 8.309463626183e-01 3.952490827904e-01 -6.055639124584e-02 -1.957605800030e+04 3.421831276476e+03                  0 2.811256419662e-18 
                 7 6.000000000000e-11 4.061624017377e-18 8.309463626183e-01 3.952490827904e-01 -6.055639124584e-02 -1.957605800030e+04 3.421831276476e+03                  0 2.811256419662e-18 
                 8 7.000000000000e-11 4.038004185817e-18 7.721011073256e-01 4.673190990670e-01 -6.650561564536e-02 -1.957605800030e+04 3.421831276476e+03                  0 2.547632267133e-18 
                 8 7.000000000000e-11 4.038004185817e-18 7.721011073256e-01 4.673190990670e-01 -6.650561564536e-02 -1.957605800030e+04 3.421831276476e+03                  0 2.547632267133e-18 
                 9 8.000000000000e-11 4.010332364650e-18 7.013580748079e-01 5.382136756509e-01 -7.197347281714e-02 -1.957605800030e+04 3.421831276476e+03                  0 2.240863475246e-18 
                 9 8.000000000000e-11 4.010332364650e-18 7.013580748079e-01 5.382136756509e-01 -7.197347281714e-02 -1.957605800030e+04 3.421831276476e+03                  0 2.240863475246e-18 
                10 9.000000000000e-11 3.978343993482e-18 6.182070846904e-01 6.051170197556e-01 -7.773249799511e-02 -1.957605800030e+04 3.421831276476e+03                  0 1.890883664765e-18 
                10 9.000000000000e-11 3.978343993482e-18 6.182070846904e-01 6.051170197556e-01 -7.773249799511e-02 -1.957605800030e+04 3.421831276476e+03                  0 1.890883664765e-18 
                11 1.000000000000e-10 3.941003163389e-18 5.214659443562e-01 6.649793591232e-01 -8.468858145290e-02 -1.957605800030e+04 3.421831276476e+03                  0 1.495297648040e-18 
                11 1.000000000000e-10 3.941003163389e-18 5.214659443562e-01 6.649793591232e-01 -8.468858145290e-02 -1.957605800030e+04 3.421831276476e+03                  0 1.495297648040e-18 
                12 1.100000000000e-10 3.896119398665e-18 4.093140892040e-01 7.136847226107e-01 -9.377077152437e-02 -1.957605800030e+04 3.421831276476e+03                  0 1.050042343079e-18 
                12 1.100000000000e-10 3.896119398665e-18 4.093140892040e-01 7.136847226107e-01 -9.377077152437e-02 -1.957605800030e+04 3.421831276476e+03                  0 1.050042343079e-18 
                13 1.200000000000e-10 3.840059846836e-18 2.800903521889e-01 7.451709194895e-01 -1.055837061903e-01 -1.957605800030e+04 3.421831276476e+03                  0 5.528981565062e-19 
                13 1.200000000000e-10 3.840059846836e-18 2.800903521889e-01 7.451709194895e-01 -1.055837061903e-01 -1.957605800030e+04 3.421831276476e+03                  0 5.528981565062e-19 
                14 1.300000000000e-10 3.768352212625e-18 1.341711998676e-01 7.516091027633e-01 -1.197402905278e-01 -1.957605800030e+04 3.421831276476e+03                  0 1.030385622921e-20 
                14 1.300000000000e-10 3.768352212625e-18 1.341711998676e-01 7.516091027633e-01 -1.197402905278e-01 -1.957605800030e+04 3.421831276476e+03                  0 1.030385622921e-20 
                15 1.400000000000e-10 3.677703236394e-18 -2.433822738703e-02 7.260306932864e-01 -1.345751141271e-01 -1.957605800030e+04 3.421831276476e+03                  0 -5.580978562279e-19 
                15 1.400000000000e-10 3.677703236394e-18 -2.433822738703e-02 7.260306932864e-01 -1.345751141271e-01 -1.957605800030e+04 3.421831276476e+03                  0 -5.580978562279e-19 
                16 1.500000000000e-10 3.567201490676e-18 -1.885698940712e-01 6.655418157144e-01 -1.480594901091e-01 -1.957605800030e+04 3.421831276476e+03                  0 -1.125097380259e-18 
                16 1.500000000000e-10 3.567201490676e-18 -1.885698940712e-01 6.655418157144e-01 -1.480594901091e-01 -1.957605800030e+04 3.421831276476e+03                  0 -1.125097380259e-18 
                17 1.600000000000e-10 3.436402233842e-18 -3.510396196844e-01 5.711074453587e-01 -1.588476058762e-01 -1.957605800030e+04 3.421831276476e+03                  0 -1.663700498892e-18 
                17 1.600000000000e-10 3.436402233842e-18 -3.510396196844e-01 5.711074453587e-01 -1.588476058762e-01 -1.957605800030e+04 3.421831276476e+03                  0 -1.663700498892e-18 
                18 1.700000000000e-10 3.283763279778e-18 -5.031672431373e-01 4.454039561400e-01 -1.661008439749e-01 -1.957605800030e+04 3.421831276476e+03                  0 -2.143972678887e-18 
                18 1.700000000000e-10 3.283763279778e-18 -5.031672431373e-01 4.454039561400e-01 -1.661008439749e-01 -1.957605800030e+04 3.421831276476e+03                  0 -2.143972678887e-18 
                19 1.800000000000e-10 3.110458916892e-18 -6.352178623098e-01 2.933258496390e-01 -1.685842549525e-01 -1.957605800030e+04 3.421831276476e+03                  0 -2.533149084940e-18 
                19 1.800000000000e-10 3.110458916892e-18 -6.352178623098e-01 2.933258496390e-01 -1.685842549525e-01 -1.957605800030e+04 3.421831276476e+03                  0 -2.533149084940e-18 
                20 1.900000000000e-10 2.922325685437e-18 -7.408850762026e-01 1.219300055721e-01 -1.647172840629e-01 -1.957605800030e+04 3.421831276476e+03                  0 -2.812510784782e-18 
                20 1.900000000000e-10 2.922325685437e-18 -7.408850762026e-01 1.219300055721e-01 -1.647172840629e-01 -1.957605800030e+04 3.421831276476e+03                  0 -2.812510784782e-18 
                21 2.000000000000e-10 2.723598192738e-18 -8.158923225010e-01 -6.181133508590e-02 -1.527444753260e-01 -1.957605800030e+04 3.421831276476e+03                  0 -2.970774358898e-18 
                21 2.000000000000e-10 2.723598192738e-18 -8.158923225010e-01 -6.181133508590e-02 -1.527444753260e-01 -1.957605800030e+04 3.421831276476e+03                  0 -2.970774358898e-18 
                22 2.100000000000e-10 2.517602756917e-18 -8.519475124179e-01 -2.451165006763e-01 -1.303656931940e-01 -1.957605800030e+04 3.421831276476e+03                  0 -2.985586177886e-18 
                22 2.100000000000e-10 2.517602756917e-18 -8.519475124179e-01 -2.451165006763e-01 -1.303656931940e-01 -1.957605800030e+04 3.421831276476e+03                  0 -2.985586177886e-18 
                23 2.200000000000e-10 2.314153105652e-18 -8.395683828854e-01 -4.004274575295e-01 -9.569315736311e-02 -1.957605800030e+04 3.421831276476e+03                  0 -2.839731622741e-18 
                23 2.200000000000e-10 2.314153105652e-18 -8.395683828854e-01 -4.004274575295e-01 -9.569315736311e-02 -1.957605800030e+04 3.421831276476e+03                  0 -2.839731622741e-18 
                24 2.300000000000e-10 2.135036121034e-18 -7.864732911743e-01 -4.860685645345e-01 -5.250028401155e-02 -1.957605800030e+04 3.421831276476e+03                  0 -2.588572220309e-18 
                24 2.300000000000e-10 2.135036121034e-18 -7.864732911743e-01 -4.860685645345e-01 -5.250028401155e-02 -1.957605800030e+04 3.421831276476e+03                  0 -2.588572220309e-18 
                25 2.400000000000e-10 1.988612115524e-18 -7.269686378818e-01 -4.839951031574e-01 -1.201515802992e-02 -1.957605800030e+04 3.421831276476e+03                  0 -2.370337432247e-18 
                25 2.400000000000e-10 1.988612115524e-18 -7.269686378818e-01 -4.839951031574e-01 -1.201515802992e-02 -1.957605800030e+04 3.421831276476e+03                  0 -2.370337432247e-18 
                26 2.500000000000e-10 1.864115250348e-18 -6.844889257801e-01 -4.143613644958e-01 1.970914001540e-02 -1.957605800030e+04 3.421831276476e+03                  0 -2.258501056029e-18 
                26 2.500000000000e-10 1.864115250348e-18 -6.844889257801e-01 -4.143613644958e-01 1.970914001540e-02 -1.957605800030e+04 3.421831276476e+03                  0 -2.258501056029e-18 
                27 2.600000000000e-10 1.755283113857e-18 -6.622889981973e-01 -3.080348948765e-01 4.219006662183e-02 -1.957605800030e+04 3.421831276476e+03                  0 -2.245163896153e-18 
                27 2.600000000000e-10 1.755283113857e-18 -6.622889981973e-01 -3.080348948765e-01 4.219006662183e-02 -1.957605800030e+04 3.421831276476e+03                  0 -2.245163896153e-18 
                28 2.700000000000e-10 1.666235903083e-18 -6.562607352974e-01 -1.969436414888e-01 5.557065508501e-02 -1.957605800030e+04 3.421831276476e+03                  0 -2.294573464487e-18 
                28 2.700000000000e-10 1.666235903083e-18 -6.562607352974e-01 -1.969436414888e-01 5.557065508501e-02 -1.957605800030e+04 3.421831276476e+03                  0 -2.294573464487e-18 
                29 2.800000000000e-10 1.591672982088e-18 -6.629962906422e-01 -1.071287840177e-01 6.221255971651e-02 -1.957605800030e+04 3.421831276476e+03                  0 -2.377358246778e-18 
                29 2.800000000000e-10 1.591672982088e-18 -6.629962906422e-01 -1.071287840177e-01 6.221255971651e-02 -1.957605800030e+04 3.421831276476e+03                  0 -2.377358246778e-18 
                30 2.900000000000e-10 1.518345468573e-18 -6.864896535081e-01 -4.629163810874e-02 6.606729707909e-02 -1.957605800030e+04 3.421831276476e+03                  0 -2.503288714865e-18 
                30 2.900000000000e-10 1.518345468573e-18 -6.864896535081e-01 -4.629163810874e-02 6.606729707909e-02 -1.957605800030e+04 3.421831276476e+03                  0 -2.503288714865e-18 
                31 3.000000000000e-10 1.434491633419e-18 -7.427308929773e-01 -9.101843679344e-03 6.934782025088e-02 -1.957605800030e+04 3.421831276476e+03                  0 -2.734806305913e-18 
                31 3.000000000000e-10 1.434491633419e-18 -7.427308929773e-01 -9.101843679344e-03 6.934782025088e-02 -1.957605800030e+04 3.421831276476e+03                  0 -2.734806305913e-18 
                32 3.100000000000e-10 1.318948503320e-18 -8.294794683121e-01 2.411331227904e-02 7.301941739812e-02 -1.957605800030e+04 3.421831276476e+03                  0 -3.076332324492e-18 
                32 3.100000000000e-10 1.318948503320e-18 -8.294794683121e-01 2.411331227904e-02 7.301941739812e-02 -1.957605800030e+04 3.421831276476e+03                  0 -3.076332324492e-18 
                33 3.200000000000e-10 1.155719849735e-18 -9.131741419470e-01 8.746135334755e-02 7.649536636747e-02 -1.957605800030e+04 3.421831276476e+03                  0 -3.426025156694e-18 
                33 3.200000000000e-10 1.155719849735e-18 -9.131741419470e-01 8.746135334755e-02 7.649536636747e-02 -1.957605800030e+04 3.421831276476e+03                  0 -3.426025156694e-18 
                34 3.300000000000e-10 9.598611056396e-19 -9.329613601124e-01 1.841859705398e-01 7.389603957443e-02 -1.957605800030e+04 3.421831276476e+03                  0 -3.561427369813e-18 
                34 3.300000000000e-10 9.598611056396e-19 -9.329613601124e-01 1.841859705398e-01 7.389603957443e-02 -1.957605800030e+04 3.421831276476e+03                  0 -3.561427369813e-18 
                35 3.400000000000e-10 7.793594962988e-19 -8.654750176452e-01 2.598144590910e-01 6.331043762889e-02 -1.957605800030e+04 3.421831276476e+03                  0 -3.361183141225e-18 
                35 3.400000000000e-10 7.793594962988e-19 -8.654750176452e-01 2.598144590910e-01 6.331043762889e-02 -1.957605800030e+04 3.421831276476e+03                  0 -3.361183141225e-18 
                36 3.500000000000e-10 6.522247177572e-19 -7.713505477080e-01 2.893016559751e-01 4.954779824712e-02 -1.957605800030e+04 3.421831276476e+03                  0 -3.032883089146e-18 
                36 3.500000000000e-10 6.522247177572e-19 -7.713505477080e-01 2.893016559751e-01 4.954779824712e-02 -1.957605800030e+04 3.421831276476e+03                  0 -3.032883089146e-18 
                37 3.600000000000e-10 5.718969906216e-19 -7.035095883403e-01 2.996775998089e-01 3.581791536359e-02 -1.957605800030e+04 3.421831276476e+03                  0 -2.789242432853e-18 
                37 3.600000000000e-10 5.718969906216e-19 -7.035095883403e-01 2.996775998089e-01 3.581791536359e-02 -1.957605800030e+04 3.421831276476e+03                  0 -2.789242432853e-18 
                38 3.700000000000e-10 5.155082601522e-19 -6.771069689849e-01 3.153714932152e-01 2.214630271718e-02 -1.957605800030e+04 3.421831276476e+03                  0 -2.701939328678e-18 
                38 3.700000000000e-10 5.155082601522e-19 -6.771069689849e-01 3.153714932152e-01 2.214630271718e-02 -1.957605800030e+04 3.421831276476e+03                  0 -2.701939328678e-18 
                39 3.800000000000e-10 4.624437724913e-19 -6.857313376587e-01 3.464489512660e-01 7.110725047403e-03 -1.957605800030e+04 3.421831276476e+03                  0 -2.753808209527e-18 
                39 3.800000000000e-10 4.624437724913e-19 -6.857313376587e-01 3.464489512660e-01 7.110725047403e-03 -1.957605800030e+04 3.421831276476e+03                  0 -2.753808209527e-18 
                40 3.900000000000e-10 3.942090960249e-19 -7.217976440389e-01 3.863326355162e-01 -1.011174928558e-02 -1.957605800030e+04 3.421831276476e+03                  0 -2.912617856411e-18 
                40 3.900000000000e-10 3.942090960249e-19 -7.217976440389e-01 3.863326355162e-01 -1.011174928558e-02 -1.957605800030e+04 3.421831276476e+03                  0 -2.912617856411e-18 
                41 4.000000000000e-10 2.987363042502e-19 -7.773702826705e-01 4.090560483528e-01 -2.967238979825e-02 -1.957605800030e+04 3.421831276476e+03                  0 -3.132337494242e-18 
                41 4.000000000000e-10 2.987363042502e-19 -7.773702826705e-01 4.090560483528e-01 -2.967238979825e-02 -1.957605800030e+04 3.421831276476e+03                  0 -3.132337494242e-18 
                42 4.100000000000e-10 1.875357320044e-19 -8.386272664956e-01 3.880936677610e-01 -5.032891430116e-02 -1.957605800030e+04 3.421831276476e+03                  0 -3.344855029075e-18 
                42 4.100000000000e-10 1.875357320044e-19 -8.386272664956e-01 3.880936677610e-01 -5.032891430116e-02 -1.957605800030e+04 3.421831276476e+03                  0 -3.344855029075e-18 
                43 4.200000000000e-10 6.678527708763e-20 -8.900894848890e-01 3.179097037453e-01 -6.878796825241e-02 -1.957605800030e+04 3.421831276476e+03                  0 -3.489481958156e-18 
                43 4.200000000000e-10 6.678527708763e-20 -8.900894848890e-01 3.179097037453e-01 -6.878796825241e-02 -1.957605800030e+04 3.421831276476e+03                  0 -3.489481958156e-18 
                44 4.300000000000e-10 -6.090169175907e-20 -9.168672899713e-01 2.100395047767e-01 -8.126004059333e-02 -1.957605800030e+04 3.421831276476e+03                  0 -3.518715780575e-18 
                44 4.300000000000e-10 -6.090169175907e-20 -9.168672899713e-01 2.100395047767e-01 -8.126004059333e-02 -1.957605800030e+04 3.421831276476e+03                  0 -3.518715780575e-18 
                45 4.400000000000e-10 -1.830468120750e-19 -9.148857158929e-01 8.548409633946e-02 -8.451498441749e-02 -1.957605800030e+04 3.421831276476e+03                  0 -3.431065533784e-18 
                45 4.400000000000e-10 -1.830468120750e-19 -9.148857158929e-01 8.548409633946e-02 -8.451498441749e-02 -1.957605800030e+04 3.421831276476e+03                  0 -3.431065533784e-18 
                46 4.500000000000e-10 -2.896634261825e-19 -8.938747259044e-01 -2.975157526321e-02 -7.703410362217e-02 -1.957605800030e+04 3.421831276476e+03                  0 -3.279207972542e-18 
                46 4.500000000000e-10 -2.896634261825e-19 -8.938747259044e-01 -2.975157526321e-02 -7.703410362217e-02 -1.957605800030e+04 3.421831276476e+03                  0 -3.279207972542e-18 
                47 4.600000000000e-10 -3.775036173909e-19 -8.697244583168e-01 -1.245806352640e-01 -6.083107338673e-02 -1.957605800030e+04 3.421831276476e+03                  0 -3.128928741444e-18 
                47 4.600000000000e-10 -3.775036173909e-19 -8.697244583168e-01 -1.245806352640e-01 -6.083107338673e-02 -1.957605800030e+04 3.421831276476e+03                  0 -3.128928741444e-18 
                48 4.700000000000e-10 -4.475081132306e-19 -8.534638849253e-01 -1.996407795484e-01 -3.824506309809e-02 -1.957605800030e+04 3.421831276476e+03                  0 -3.020513432566e-18 
                48 4.700000000000e-10 -4.475081132306e-19 -8.534638849253e-01 -1.996407795484e-01 -3.824506309809e-02 -1.957605800030e+04 3.421831276476e+03                  0 -3.020513432566e-18 
                49 4.800000000000e-10 -5.055216443376e-19 -8.554086745779e-01 -2.502781466346e-01 -1.130987316366e-02 -1.957605800030e+04 3.421831276476e+03                  0 -2.995028604613e-18 
                49 4.800000000000e-10 -5.055216443376e-19 -8.554086745779e-01 -2.502781466346e-01 -1.130987316366e-02 -1.957605800030e+04 3.421831276476e+03                  0 -2.995028604613e-18 
                50 4.900000000000e-10 -5.694947116082e-19 -8.808491527700e-01 -2.643504949657e-01 1.868306105576e-02 -1.957605800030e+04 3.421831276476e+03                  0 -3.079827304468e-18 
                50 4.900000000000e-10 -5.694947116082e-19 -8.808491527700e-01 -2.643504949657e-01 1.868306105576e-02 -1.957605800030e+04 3.421831276476e+03                  0 -3.079827304468e-18 
                51 5.000000000000e-10 -6.551923081408e-19 -9.191560687438e-01 -2.244952569436e-01 4.779190957709e-02 -1.957605800030e+04 3.421831276476e+03                  0 -3.246886452936e-18 
                51 5.000000000000e-10 -6.551923081408e-19 -9.191560687438e-01 -2.244952569436e-01 4.779190957709e-02 -1.957605800030e+04 3.421831276476e+03                  0 -3.246886452936e-18 
                52 5.100000000000e-10 -7.614082834366e-19 -9.439274204325e-01 -1.315075489023e-01 6.959264602996e-02 -1.957605800030e+04 3.421831276476e+03                  0 -3.398269812354e-18 
                52 5.100000000000e-10 -7.614082834366e-19 -9.439274204325e-01 -1.315075489023e-01 6.959264602996e-02 -1.957605800030e+04 3.421831276476e+03                  0 -3.398269812354e-18 
                53 5.200000000000e-10 -8.655403801402e-19 -9.409548251328e-01 -1.089165212833e-02 8.115372182421e-02 -1.957605800030e+04 3.421831276476e+03                  0 -3.465098189117e-18 
                53 5.200000000000e-10 -8.655403801402e-19 -9.409548251328e-01 -1.089165212833e-02 8.115372182421e-02 -1.957605800030e+04 3.421831276476e+03                  0 -3.465098189117e-18 
                54 5.300000000000e-10 -9.610330061682e-19 -9.182025779186e-01 1.146063044801e-01 8.270779140892e-02 -1.957605800030e+04 3.421831276476e+03                  0 -3.462088578909e-18 
                54 5.300000000000e-10 -9.610330061682e-19 -9.182025779186e-01 1.146063044801e-01 8.270779140892e-02 -1.957605800030e+04 3.421831276476e+03                  0 -3.462088578909e-18 
                55 5.400000000000e-10 -1.044379131675e-18 -8.842063413134e-01 2.335968340440e-01 7.533318290306e-02 -1.957605800030e+04 3.421831276476e+03                  0 -3.413391357405e-18 
                55 5.400000000000e-10 -1.044379131675e-18 -8.842063413134e-01 2.335968340440e-01 7.533318290306e-02 -1.957605800030e+04 3.421831276476e+03                  0 -3.413391357405e-18 
                56 5.500000000000e-10 -1.112941195991e-18 -8.502185036438e-01 3.369587793706e-01 5.947024506794e-02 -1.957605800030e+04 3.421831276476e+03                  0 -3.354644691140e-18 
                56 5.500000000000e-10 -1.112941195991e-18 -8.502185036438e-01 3.369587793706e-01 5.947024506794e-02 -1.957605800030e+04 3.421831276476e+03                  0 -3.354644691140e-18 
                57 5.600000000000e-10 -1.169119250355e-18 -8.292116111248e-01 4.147589569191e-01 3.619132303295e-02 -1.957605800030e+04 3.421831276476e+03                  0 -3.327310372263e-18 
                57 5.600000000000e-10 -1.169119250355e-18 -8.292116111248e-01 4.147589569191e-01 3.619132303295e-02 -1.957605800030e+04 3.421831276476e+03                  0 -3.327310372263e-18 
                58 5.700000000000e-10 -1.219792059821e-18 -8.294998369419e-01 4.572531611463e-01 7.875892140267e-03 -1.957605800030e+04 3.421831276476e+03                  0 -3.355782687255e-18 
                58 5.700000000000e-10 -1.219792059821e-18 -8.294998369419e-01 4.572531611463e-01 7.875892140267e-03 -1.957605800030e+04 3.421831276476e+03                  0 -3.355782687255e-18 
                59 5.800000000000e-10 -1.274321728442e-18 -8.516944247345e-01 4.560108401462e-01 -2.173423286830e-02 -1.957605800030e+04 3.421831276476e+03                  0 -3.436879419165e-18 
                59 5.800000000000e-10 -1.274321728442e-18 -8.516944247345e-01 4.560108401462e-01 -2.173423286830e-02 -1.957605800030e+04 3.421831276476e+03                  0 -3.436879419165e-18 
                60 5.900000000000e-10 -1.341611497463e-18 -8.853981973548e-01 4.058460076580e-01 -4.857070260453e-02 -1.957605800030e+04 3.421831276476e+03                  0 -3.528890023179e-18 
                60 5.900000000000e-10 -1.341611497463e-18 -8.853981973548e-01 4.058460076580e-01 -4.857070260453e-02 -1.957605800030e+04 3.421831276476e+03                  0 -3.528890023179e-18 
                61 6.000000000000e-10 -1.420626225089e-18 -9.129688718514e-01 3.102282706652e-01 -6.827382998127e-02 -1.957605800030e+04 3.421831276476e+03                  0 -3.568952371711e-18 
                61 6.000000000000e-10 -1.420626225089e-18 -9.129688718514e-01 3.102282706652e-01 -6.827382998127e-02 -1.957605800030e+04 3.421831276476e+03                  0 -3.568952371711e-18 
                62 6.100000000000e-10 -1.500666193377e-18 -9.225908865961e-01 1.871879739720e-01 -7.669603976145e-02 -1.957605800030e+04 3.421831276476e+03                  0 -3.525096614752e-18 
                62 6.100000000000e-10 -1.500666193377e-18 -9.225908865961e-01 1.871879739720e-01 -7.669603976145e-02 -1.957605800030e+04 3.421831276476e+03                  0 -3.525096614752e-18 
                63 6.200000000000e-10 -1.572290094735e-18 -9.152682920982e-01 6.156694611070e-02 -7.238789801381e-02 -1.957605800030e+04 3.421831276476e+03                  0 -3.417050678084e-18 
                63 6.200000000000e-10 -1.572290094735e-18 -9.152682920982e-01 6.156694611070e-02 -7.238789801381e-02 -1.957605800030e+04 3.421831276476e+03                  0 -3.417050678084e-18 
                64 6.300000000000e-10 -1.628767602301e-18 -9.012152152433e-01 -4.374193533987e-02 -5.698419285411e-02 -1.957605800030e+04 3.421831276476e+03                  0 -3.297270595953e-18 
                64 6.300000000000e-10 -1.628767602301e-18 -9.012152152433e-01 -4.374193533987e-02 -5.698419285411e-02 -1.957605800030e+04 3.421831276476e+03                  0 -3.297270595953e-18 
                65 6.400000000000e-10 -1.670942084429e-18 -8.937175527768e-01 -1.150344711703e-01 -3.381875595732e-02 -1.957605800030e+04 3.421831276476e+03                  0 -3.223620535841e-18 
                65 6.400000000000e-10 -1.670942084429e-18 -8.937175527768e-01 -1.150344711703e-01 -3.381875595732e-02 -1.957605800030e+04 3.421831276476e+03                  0 -3.223620535841e-18 
                66 6.500000000000e-10 -1.704104627195e-18 -9.014870709178e-01 -1.475423861344e-01 -7.003028609176e-03 -1.957605800030e+04 3.421831276476e+03                  0 -3.231322452630e-18 
                66 6.500000000000e-10 -1.704104627195e-18 -9.014870709178e-01 -1.475423861344e-01 -7.003028609176e-03 -1.957605800030e+04 3.421831276476e+03                  0 -3.231322452630e-18 
                67 6.600000000000e-10 -1.739726310879e-18 -9.254189728841e-01 -1.390362243541e-01 1.985754390228e-02 -1.957605800030e+04 3.421831276476e+03                  0 -3.325117645234e-18 
                67 6.600000000000e-10 -1.739726310879e-18 -9.254189728841e-01 -1.390362243541e-01 1.985754390228e-02 -1.957605800030e+04 3.421831276476e+03                  0 -3.325117645234e-18 
                68 6.700000000000e-10 -1.789566051181e-18 -9.544345462791e-01 -8.773110974192e-02 4.296527626206e-02 -1.957605800030e+04 3.421831276476e+03                  0 -3.465276909986e-18 
                68 6.700000000000e-10 -1.789566051181e-18 -9.544345462791e-01 -8.773110974192e-02 4.296527626206e-02 -1.957605800030e+04 3.421831276476e+03                  0 -3.465276909986e-18 
                69 6.800000000000e-10 -1.851462439455e-18 -9.709717580973e-01 -6.170773183018e-04 5.771948669424e-02 -1.957605800030e+04 3.421831276476e+03                  0 -3.582487772509e-18 
                69 6.800000000000e-10 -1.851462439455e-18 -9.709717580973e-01 -6.170773183018e-04 5.771948669424e-02 -1.957605800030e+04 3.421831276476e+03                  0 -3.582487772509e-18 
                70 6.900000000000e-10 -1.913840245701e-18 -9.662234257021e-01 1.024299200145e-01 6.134832268582e-02 -1.957605800030e+04 3.421831276476e+03                  0 -3.631431739250e-18 
                70 6.900000000000e-10 -1.913840245701e-18 -9.662234257021e-01 1.024299200145e-01 6.134832268582e-02 -1.957605800030e+04 3.421831276476e+03                  0 -3.631431739250e-18 
                71 7.000000000000e-10 -1.967139830962e-18 -9.456730408382e-01 1.999899708142e-01 5.466015795719e-02 -1.957605800030e+04 3.421831276476e+03                  0 -3.618527051868e-18 
                71 7.000000000000e-10 -1.967139830962e-18 -9.456730408382e-01 1.999899708142e-01 5.466015795719e-02 -1.957605800030e+04 3.421831276476e+03                  0 -3.618527051868e-18 
                72 7.100000000000e-10 -2.007124242239e-18 -9.219231003549e-01 2.788494675611e-01 4.023577356783e-02 -1.957605800030e+04 3.421831276476e+03                  0 -3.581754146886e-18 
                72 7.100000000000e-10 -2.007124242239e-18 -9.219231003549e-01 2.788494675611e-01 4.023577356783e-02 -1.957605800030e+04 3.421831276476e+03                  0 -3.581754146886e-18 
                73 7.200000000000e-10 -2.037510477190e-18 -9.072384165814e-01 3.309413060111e-01 2.067275870706e-02 -1.957605800030e+04 3.421831276476e+03                  0 -3.561166899563e-18 
                73 7.200000000000e-10 -2.037510477190e-18 -9.072384165814e-01 3.309413060111e-01 2.067275870706e-02 -1.957605800030e+04 3.421831276476e+03                  0 -3.561166899563e-18 
                74 7.300000000000e-10 -2.064793735607e-18 -9.076562410015e-01 3.495300313509e-01 -2.005205562340e-03 -1.957605800030e+04 3.421831276476e+03                  0 -3.574698399517e-18 
                74 7.300000000000e-10 -2.064793735607e-18 -9.076562410015e-01 3.495300313509e-01 -2.005205562340e-03 -1.957605800030e+04 3.421831276476e+03                  0 -3.574698399517e-18 
                75 7.400000000000e-10 -2.095635498822e-18 -9.220849384486e-01 3.301891349503e-01 -2.546306894517e-02 -1.957605800030e+04 3.421831276476e+03                  0 -3.615465414918e-18 
                75 7.400000000000e-10 -2.095635498822e-18 -9.220849384486e-01 3.301891349503e-01 -2.546306894517e-02 -1.957605800030e+04 3.421831276476e+03                  0 -3.615465414918e-18 
                76 7.500000000000e-10 -2.133283683694e-18 -9.424077386706e-01 2.714810907383e-01 -4.618694698548e-02 -1.957605800030e+04 3.421831276476e+03                  0 -3.652589859221e-18 
                76 7.500000000000e-10 -2.133283683694e-18 -9.424077386706e-01 2.714810907383e-01 -4.618694698548e-02 -1.957605800030e+04 3.421831276476e+03                  0 -3.652589859221e-18 
                77 7.600000000000e-10 -2.173599581315e-18 -9.607665886632e-01 1.800001727984e-01 -6.023146929507e-02 -1.957605800030e+04 3.421831276476e+03                  0 -3.661328823622e-18 
                77 7.600000000000e-10 -2.173599581315e-18 -9.607665886632e-01 1.800001727984e-01 -6.023146929507e-02 -1.957605800030e+04 3.421831276476e+03                  0 -3.661328823622e-18 
                78 7.700000000000e-10 -2.214400886381e-18 -9.725308067085e-01 7.155678285656e-02 -6.453939959015e-02 -1.957605800030e+04 3.421831276476e+03                  0 -3.634792801697e-18 
                78 7.700000000000e-10 -2.214400886381e-18 -9.725308067085e-01 7.155678285656e-02 -6.453939959015e-02 -1.957605800030e+04 3.421831276476e+03                  0 -3.634792801697e-18 
                79 7.800000000000e-10 -2.253911454273e-18 -9.749609402359e-01 -3.441798140122e-02 -5.737362577323e-02 -1.957605800030e+04 3.421831276476e+03                  0 -3.575406271467e-18 
                79 7.800000000000e-10 -2.253911454273e-18 -9.749609402359e-01 -3.441798140122e-02 -5.737362577323e-02 -1.957605800030e+04 3.421831276476e+03                  0 -3.575406271467e-18 
                80 7.900000000000e-10 -2.287763887934e-18 -9.690554318531e-01 -1.182475030868e-01 -3.920456343721e-02 -1.957605800030e+04 3.421831276476e+03                  0 -3.499544904047e-18 
                80 7.900000000000e-10 -2.287763887934e-18 -9.690554318531e-01 -1.182475030868e-01 -3.920456343721e-02 -1.957605800030e+04 3.421831276476e+03                  0 -3.499544904047e-18 
                81 8.000000000000e-10 -2.312321493959e-18 -9.612006561655e-01 -1.640658008691e-01 -1.341138001870e-02 -1.957605800030e+04 3.421831276476e+03                  0 -3.441007979690e-18 
                81 8.000000000000e-10 -2.312321493959e-18 -9.612006561655e-01 -1.640658008691e-01 -1.341138001870e-02 -1.957605800030e+04 3.421831276476e+03                  0 -3.441007979690e-18 
                82 8.100000000000e-10 -2.330345546129e-18 -9.593025394435e-01 -1.640028120299e-01 1.483052234718e-02 -1.957605800030e+04 3.421831276476e+03                  0 -3.434044556787e-18 
                82 8.100000000000e-10 -2.330345546129e-18 -9.593025394435e-01 -1.640028120299e-01 1.483052234718e-02 -1.957605800030e+04 3.421831276476e+03                  0 -3.434044556787e-18 
                83 8.200000000000e-10 -2.349252801589e-18 -9.656976385293e-01 -1.180177174640e-01 4.031006294369e-02 -1.957605800030e+04 3.421831276476e+03                  0 -3.487302858409e-18 
                83 8.200000000000e-10 -2.349252801589e-18 -9.656976385293e-01 -1.180177174640e-01 4.031006294369e-02 -1.957605800030e+04 3.421831276476e+03                  0 -3.487302858409e-18 
                84 8.300000000000e-10 -2.375951284353e-18 -9.746252201967e-01 -3.335131190874e-02 5.862997375920e-02 -1.957605800030e+04 3.421831276476e+03                  0 -3.574855466345e-18 
                84 8.300000000000e-10 -2.375951284353e-18 -9.746252201967e-01 -3.335131190874e-02 5.862997375920e-02 -1.957605800030e+04 3.421831276476e+03                  0 -3.574855466345e-18 
                85 8.400000000000e-10 -2.410246069463e-18 -9.762211682610e-01 7.515806712198e-02 6.674445140339e-02 -1.957605800030e+04 3.421831276476e+03                  0 -3.650733064177e-18 
                85 8.400000000000e-10 -2.410246069463e-18 -9.762211682610e-01 7.515806712198e-02 6.674445140339e-02 -1.957605800030e+04 3.421831276476e+03                  0 -3.650733064177e-18 
                86 8.500000000000e-10 -2.445192998581e-18 -9.655644447347e-01 1.878211371782e-01 6.368713023477e-02 -1.957605800030e+04 3.421831276476e+03                  0 -3.684077434551e-18 
                86 8.500000000000e-10 -2.445192998581e-18 -9.655644447347e-01 1.878211371782e-01 6.368713023477e-02 -1.957605800030e+04 3.421831276476e+03                  0 -3.684077434551e-18 
                87 8.600000000000e-10 -2.474464684025e-18 -9.462008855698e-01 2.855686823098e-01 5.077891099022e-02 -1.957605800030e+04 3.421831276476e+03                  0 -3.675673067842e-18 
                87 8.600000000000e-10 -2.474464684025e-18 -9.462008855698e-01 2.855686823098e-01 5.077891099022e-02 -1.957605800030e+04 3.421831276476e+03                  0 -3.675673067842e-18 
                88 8.700000000000e-10 -2.495966369639e-18 -9.263495885780e-01 3.542790113133e-01 3.096987191646e-02 -1.957605800030e+04 3.421831276476e+03                  0 -3.646739944150e-18 
                88 8.700000000000e-10 -2.495966369639e-18 -9.263495885780e-01 3.542790113133e-01 3.096987191646e-02 -1.957605800030e+04 3.421831276476e+03                  0 -3.646739944150e-18 
                89 8.800000000000e-10 -2.510922154795e-18 -9.142171729490e-01 3.860233085803e-01 7.721566168743e-03 -1.957605800030e+04 3.421831276476e+03                  0 -3.622446402216e-18 
                89 8.800000000000e-10 -2.510922154795e-18 -9.142171729490e-01 3.860233085803e-01 7.721566168743e-03 -1.957605800030e+04 3.421831276476e+03                  0 -3.622446402216e-18 
                90 8.900000000000e-10 -2.522394528905e-18 -9.153468917524e-01 3.788244940543e-01 -1.560508055921e-02 -1.957605800030e+04 3.421831276476e+03                  0 -3.621971829231e-18 
                90 8.900000000000e-10 -2.522394528905e-18 -9.153468917524e-01 3.788244940543e-01 -1.560508055921e-02 -1.957605800030e+04 3.421831276476e+03                  0 -3.621971829231e-18 
                91 9.000000000000e-10 -2.537133937270e-18 -9.291780473773e-01 3.353013603002e-01 -3.559783693156e-02 -1.957605800030e+04 3.421831276476e+03                  0 -3.644936372216e-18 
                91 9.000000000000e-10 -2.537133937270e-18 -9.291780473773e-01 3.353013603002e-01 -3.559783693156e-02 -1.957605800030e+04 3.421831276476e+03                  0 -3.644936372216e-18 
                92 9.100000000000e-10 -2.558676442181e-18 -9.482127241085e-01 2.620766518213e-01 -4.932286819012e-02 -1.957605800030e+04 3.421831276476e+03                  0 -3.667944392385e-18 
                92 9.100000000000e-10 -2.558676442181e-18 -9.482127241085e-01 2.620766518213e-01 -4.932286819012e-02 -1.957605800030e+04 3.421831276476e+03                  0 -3.667944392385e-18 
                93 9.200000000000e-10 -2.585028166717e-18 -9.634409237134e-01 1.711519508325e-01 -5.481141426932e-02 -1.957605800030e+04 3.421831276476e+03                  0 -3.665490016789e-18 
                93 9.200000000000e-10 -2.585028166717e-18 -9.634409237134e-01 1.711519508325e-01 -5.481141426932e-02 -1.957605800030e+04 3.421831276476e+03                  0 -3.665490016789e-18 
                94 9.300000000000e-10 -2.610485470257e-18 -9.703095118482e-01 7.810936965299e-02 -5.153019964836e-02 -1.957605800030e+04 3.421831276476e+03                  0 -3.630822642146e-18 
                94 9.300000000000e-10 -2.610485470257e-18 -9.703095118482e-01 7.810936965299e-02 -5.153019964836e-02 -1.957605800030e+04 3.421831276476e+03                  0 -3.630822642146e-18 
                95 9.400000000000e-10 -2.630868184492e-18 -9.705101971159e-01 -1.580357775384e-03 -4.027865413992e-02 -1.957605800030e+04 3.421831276476e+03                  0 -3.580163296593e-18 
                95 9.400000000000e-10 -2.630868184492e-18 -9.705101971159e-01 -1.580357775384e-03 -4.027865413992e-02 -1.957605800030e+04 3.421831276476e+03                  0 -3.580163296593e-18 
                96 9.500000000000e-10 -2.645411836503e-18 -9.685596716012e-01 -5.529242821011e-02 -2.308966201353e-02 -1.957605800030e+04 3.421831276476e+03                  0 -3.538321572013e-18 
                96 9.500000000000e-10 -2.645411836503e-18 -9.685596716012e-01 -5.529242821011e-02 -2.308966201353e-02 -1.957605800030e+04 3.421831276476e+03                  0 -3.538321572013e-18 
                97 9.600000000000e-10 -2.655048230410e-18 -9.693594082794e-01 -7.568228567621e-02 -2.961044975589e-03 -1.957605800030e+04 3.421831276476e+03                  0 -3.528121142290e-18 
                97 9.600000000000e-10 -2.655048230410e-18 -9.693594082794e-01 -7.568228567621e-02 -2.961044975589e-03 -1.957605800030e+04 3.421831276476e+03                  0 -3.528121142290e-18 
                98 9.700000000000e-10 -2.664110188979e-18 -9.753595774777e-01 -6.135354971556e-02 1.676270549059e-02 -1.957605800030e+04 3.421831276476e+03                  0 -3.559503801326e-18 
                98 9.700000000000e-10 -2.664110188979e-18 -9.753595774777e-01 -6.135354971556e-02 1.676270549059e-02 -1.957605800030e+04 3.421831276476e+03                  0 -3.559503801326e-18 
                99 9.800000000000e-10 -2.677434662989e-18 -9.836503221737e-01 -1.606737432535e-02 3.277961506308e-02 -1.957605800030e+04 3.421831276476e+03                  0 -3.619306232381e-18 
                99 9.800000000000e-10 -2.677434662989e-18 -9.836503221737e-01 -1.606737432535e-02 3.277961506308e-02 -1.957605800030e+04 3.421831276476e+03                  0 -3.619306232381e-18 
               100 9.900000000000e-10 -2.696094184692e-18 -9.880836627582e-01 5.136827373135e-02 4.215969885672e-02 -1.957605800030e+04 3.421831276476e+03                  0 -3.679161252134e-18 
               100 9.900000000000e-10 -2.696094184692e-18 -9.880836627582e-01 5.136827373135e-02 4.215969885672e-02 -1.957605800030e+04 3.421831276476e+03                  0 -3.679161252134e-18 
               101 1.000000000000e-09 -2.716365365935e-18 -9.845056730069e-01 1.274407116129e-01 4.315330241362e-02 -1.957605800030e+04 3.421831276476e+03                  0 -3.715025192386e-18 
               101 1.000000000000e-09 -2.716365365935e-18 -9.845056730069e-01 1.274407116129e-01 4.315330241362e-02 -1.957605800030e+04 3.421831276476e+03                  0 -3.715025192386e-18 
