#              step            E_total                m_x                m_y                m_z             E_exch          zeeman_Hx          zeeman_Hy          zeeman_Hz           E_zeeman              E_dmi 
#                                    J                                                                           J                A/m                A/m                A/m                  J                  J 
                 0 -2.870009534976e+04 2.107544048814e-03 0.000000000000e+00 9.577440039574e-01 -2.864837717354e+04                  0                  0 3.750000000000e-03 -5.171817621370e+01 -4.900388983486e-10 
                 1 -2.870732822460e+04 2.830646599080e-03 -9.255289340681e-23 9.577816768216e-01 -2.865227551883e+04                  0                  0 3.750000000000e-03 -5.172021054837e+01 -3.332495217464e+00 
                 2 -2.871776376045e+04 3.576167697609e-03 8.076034182645e-21 9.578306190506e-01 -2.866068669200e+04                  0                  0 3.750000000000e-03 -5.172285342873e+01 -5.354215025878e+00 
                 3 -2.876571552824e+04 6.234953770940e-03 -6.654015581896e-20 9.580880090337e-01 -2.870291255314e+04                  0                  0 3.750000000000e-03 -5.173675248782e+01 -1.106622260910e+01 
                 4 -2.878433028601e+04 6.847662523987e-03 5.330175821110e-20 9.581976327473e-01 -2.872038328954e+04                  0                  0 3.750000000000e-03 -5.174267216836e+01 -1.220432429861e+01 
                 5 -2.879785986489e+04 7.462995212451e-03 -1.543205758434e-20 9.583494519895e-01 -2.873303439578e+04                  0                  0 3.750000000000e-03 -5.175087040743e+01 -1.307459869547e+01 
                 6 -2.880463210493e+04 7.732110523951e-03 -9.592036856548e-20 9.584384054448e-01 -2.873940314764e+04                  0                  0 3.750000000000e-03 -5.175567389402e+01 -1.347328338988e+01 
                 7 -2.881413918130e+04 8.178048006434e-03 1.021826619276e-19 9.586253692259e-01 -2.874832844283e+04                  0                  0 3.750000000000e-03 -5.176576993820e+01 -1.404496853611e+01 
                 8 -2.881856014523e+04 8.369202556894e-03 1.732607253834e-20 9.587310332935e-01 -2.875252053411e+04                  0                  0 3.750000000000e-03 -5.177147579785e+01 -1.426813533168e+01 
                 9 -2.882350136115e+04 8.686914687932e-03 -5.727773042564e-20 9.589323743545e-01 -2.875720466802e+04                  0                  0 3.750000000000e-03 -5.178234821514e+01 -1.451434492164e+01 
                10 -2.882642952684e+04 8.788273157104e-03 1.191770936705e-19 9.589981564210e-01 -2.876004305960e+04                  0                  0 3.750000000000e-03 -5.178590044673e+01 -1.460056678965e+01 
                11 -2.882805886065e+04 8.890265547296e-03 8.018543412283e-21 9.590726085773e-01 -2.876160484109e+04                  0                  0 3.750000000000e-03 -5.178992086318e+01 -1.466409869820e+01 
                12 -2.882931802846e+04 8.974395605484e-03 5.760609229892e-20 9.591378042358e-01 -2.876281066808e+04                  0                  0 3.750000000000e-03 -5.179344142874e+01 -1.471391894547e+01 
                13 -2.883906559986e+04 9.829664202829e-03 1.325238852711e-19 9.599513857271e-01 -2.877223376339e+04                  0                  0 3.750000000000e-03 -5.183737482926e+01 -1.499446164625e+01 
                14 -2.883071172799e+04 9.927906392742e-03 8.807460739816e-20 9.602465790950e-01 -2.876390856710e+04                  0                  0 3.750000000000e-03 -5.185331527113e+01 -1.494984561612e+01 
                15 -2.883552018820e+04 9.964364309786e-03 8.336390798104e-20 9.603112948397e-01 -2.876864571634e+04                  0                  0 3.750000000000e-03 -5.185680992134e+01 -1.501766194178e+01 
                16 -2.884245292955e+04 1.000633386686e-02 5.232105678503e-20 9.603526214184e-01 -2.877549153785e+04                  0                  0 3.750000000000e-03 -5.185904155659e+01 -1.510235014022e+01 
                17 -2.884267601084e+04 1.001445765953e-02 -6.181430705321e-20 9.603865846591e-01 -2.877570709311e+04                  0                  0 3.750000000000e-03 -5.186087557159e+01 -1.510804215777e+01 
                18 -2.884313321179e+04 1.002987916012e-02 -2.925281655581e-19 9.604594571739e-01 -2.877614969653e+04                  0                  0 3.750000000000e-03 -5.186481068739e+01 -1.511870457615e+01 
                19 -2.884919468778e+04 9.965176571806e-03 1.070036842645e-19 9.621148112668e-01 -2.878257218716e+04                  0                  0 3.750000000000e-03 -5.195419980841e+01 -1.466830080635e+01 
                20 -2.883659205780e+04 9.594258442498e-03 -1.887926303676e-19 9.620441376165e-01 -2.877013968054e+04                  0                  0 3.750000000000e-03 -5.195038343129e+01 -1.450199382647e+01 
                21 -2.879329284671e+04 9.170579810512e-03 3.630649649400e-19 9.618431465639e-01 -2.872705977928e+04                  0                  0 3.750000000000e-03 -5.193952991445e+01 -1.429353752137e+01 
                22 -2.884974334870e+04 9.356595906090e-03 6.355091618370e-20 9.620366761556e-01 -2.878313784674e+04                  0                  0 3.750000000000e-03 -5.194998051240e+01 -1.465552144750e+01 
                23 -2.885027127699e+04 9.339997113966e-03 -1.083145916490e-19 9.620268240530e-01 -2.878366191220e+04                  0                  0 3.750000000000e-03 -5.194944849886e+01 -1.465991628989e+01 
                24 -2.885033403573e+04 9.323007591369e-03 -5.377353586431e-20 9.620148292487e-01 -2.878372383914e+04                  0                  0 3.750000000000e-03 -5.194880077943e+01 -1.466139581240e+01 
                25 -2.885045412396e+04 9.258352549618e-03 1.665513636284e-19 9.619655986389e-01 -2.878384246004e+04                  0                  0 3.750000000000e-03 -5.194614232650e+01 -1.466552158861e+01 
                26 -2.885051644432e+04 9.201617571691e-03 -9.646757466969e-20 9.619178380486e-01 -2.878390381242e+04                  0                  0 3.750000000000e-03 -5.194356325463e+01 -1.466906864728e+01 
                27 -2.885060939633e+04 8.987240775458e-03 2.698373443183e-19 9.617164525335e-01 -2.878399387450e+04                  0                  0 3.750000000000e-03 -5.193268843681e+01 -1.468283338917e+01 
                28 -2.885072578076e+04 8.966906524259e-03 5.746640300639e-19 9.616940023875e-01 -2.878410877261e+04                  0                  0 3.750000000000e-03 -5.193147612892e+01 -1.468553202275e+01 
                29 -2.885074892996e+04 8.948295857504e-03 1.519227831557e-19 9.616729326421e-01 -2.878413098379e+04                  0                  0 3.750000000000e-03 -5.193033836267e+01 -1.468760780995e+01 
                30 -2.885076254804e+04 8.932728591091e-03 -2.758976894485e-19 9.616550117647e-01 -2.878414382358e+04                  0                  0 3.750000000000e-03 -5.192937063530e+01 -1.468935383264e+01 
                31 -2.885092035460e+04 8.731254741283e-03 -2.924549372807e-19 9.614120103258e-01 -2.878429199077e+04                  0                  0 3.750000000000e-03 -5.191624855759e+01 -1.471211527891e+01 
                32 -2.885096699951e+04 8.666458613289e-03 7.621988031846e-20 9.613228448536e-01 -2.878433377386e+04                  0                  0 3.750000000000e-03 -5.191143362209e+01 -1.472179202925e+01 
                33 -2.885086898416e+04 8.542602010819e-03 -1.479621625807e-19 9.611424826134e-01 -2.878422671642e+04                  0                  0 3.750000000000e-03 -5.190169406112e+01 -1.474057367609e+01 
                34 -2.885106570470e+04 8.527644687198e-03 6.849906999780e-20 9.611198236430e-01 -2.878442082365e+04                  0                  0 3.750000000000e-03 -5.190047047672e+01 -1.474441057829e+01 
                35 -2.885108228647e+04 8.512994401620e-03 5.319770173443e-21 9.610969872047e-01 -2.878443586784e+04                  0                  0 3.750000000000e-03 -5.189923730905e+01 -1.474718131349e+01 
                36 -2.885109562423e+04 8.495761865154e-03 -1.278232277898e-19 9.610697936262e-01 -2.878444741869e+04                  0                  0 3.750000000000e-03 -5.189776885582e+01 -1.475043668105e+01 
                37 -2.885123895783e+04 8.270290212607e-03 -3.694894081945e-19 9.606999119859e-01 -2.878456761878e+04                  0                  0 3.750000000000e-03 -5.187779524724e+01 -1.479354379882e+01 
                38 -2.885127316416e+04 8.233251447878e-03 1.195129908057e-19 9.606324868559e-01 -2.878459669345e+04                  0                  0 3.750000000000e-03 -5.187415429022e+01 -1.480231642745e+01 
                39 -2.885130271458e+04 8.182400236612e-03 -4.081844830533e-19 9.605375496317e-01 -2.878461912174e+04                  0                  0 3.750000000000e-03 -5.186902768011e+01 -1.481456516215e+01 
                40 -2.885131762271e+04 8.166653591201e-03 -3.882359736663e-19 9.605074783782e-01 -2.878463167915e+04                  0                  0 3.750000000000e-03 -5.186740383242e+01 -1.481853972639e+01 
                41 -2.885133428046e+04 8.140983117983e-03 -1.580186180405e-19 9.604579689057e-01 -2.878464449558e+04                  0                  0 3.750000000000e-03 -5.186473032091e+01 -1.482505455935e+01 
                42 -2.885134363673e+04 8.126716975601e-03 3.849927012823e-19 9.604301163972e-01 -2.878465166583e+04                  0                  0 3.750000000000e-03 -5.186322628545e+01 -1.482874460852e+01 
                43 -2.885149697409e+04 7.880529726508e-03 -6.450672631537e-20 9.599337701280e-01 -2.878476702551e+04                  0                  0 3.750000000000e-03 -5.183642358691e+01 -1.489352498771e+01 
                44 -2.885151851717e+04 7.830041645744e-03 -6.793247266810e-19 9.598209431491e-01 -2.878477895444e+04                  0                  0 3.750000000000e-03 -5.183033093005e+01 -1.490923180086e+01 
                45 -2.885142972114e+04 7.774834249816e-03 3.159917708493e-19 9.596947043279e-01 -2.878467986881e+04                  0                  0 3.750000000000e-03 -5.182351403371e+01 -1.492633829661e+01 
                46 -2.885156928543e+04 7.763393981479e-03 -1.643350209884e-19 9.596677555287e-01 -2.878481631696e+04                  0                  0 3.750000000000e-03 -5.182205879855e+01 -1.493090967081e+01 
                47 -2.885157661892e+04 7.751266747078e-03 -4.870251041135e-19 9.596392323878e-01 -2.878482111992e+04                  0                  0 3.750000000000e-03 -5.182051854894e+01 -1.493498045695e+01 
                48 -2.885160945949e+04 7.696685347277e-03 -4.481577763768e-20 9.595096260138e-01 -2.878484247062e+04                  0                  0 3.750000000000e-03 -5.181351980475e+01 -1.495346906442e+01 
                49 -2.885336280597e+04 2.655401406503e-03 6.985411895317e-19 9.390262101707e-01 -2.878521492414e+04                  0                  0 3.750000000000e-03 -5.070741534922e+01 -1.744046648415e+01 
                50 -2.884840570310e+04 2.707788908212e-03 1.433496122675e-19 9.386087463796e-01 -2.878014588084e+04                  0                  0 3.750000000000e-03 -5.068487230450e+01 -1.757494995537e+01 
                51 -2.885375677231e+04 2.692516121827e-03 -4.327851705613e-19 9.385235984723e-01 -2.878548849738e+04                  0                  0 3.750000000000e-03 -5.068027431751e+01 -1.758800060796e+01 
                52 -2.885382748128e+04 2.697732824244e-03 -3.878729897339e-19 9.384449180036e-01 -2.878554122316e+04                  0                  0 3.750000000000e-03 -5.067602557220e+01 -1.761023254616e+01 
                53 -2.885385184073e+04 2.702456384278e-03 -3.386851131920e-19 9.383749828751e-01 -2.878554970199e+04                  0                  0 3.750000000000e-03 -5.067224907526e+01 -1.762988966356e+01 
                54 -2.885386550713e+04 2.705798374790e-03 3.170042109035e-19 9.383246527555e-01 -2.878555204825e+04                  0                  0 3.750000000000e-03 -5.066953124880e+01 -1.764392763137e+01 
                55 -2.885393074828e+04 2.723527753217e-03 3.083504451585e-19 9.380510394667e-01 -2.878555642573e+04                  0                  0 3.750000000000e-03 -5.065475613120e+01 -1.771956642254e+01 
                56 -2.885406638510e+04 2.760593860673e-03 4.917105841564e-19 9.374258644351e-01 -2.878555835620e+04                  0                  0 3.750000000000e-03 -5.062099667950e+01 -1.788703222129e+01 
                57 -2.883963199436e+04 2.964936253908e-03 1.114233815054e-18 9.313776328415e-01 -2.877010415911e+04                  0                  0 3.750000000000e-03 -5.029439217344e+01 -1.923344307863e+01 
                58 -2.885387551584e+04 2.964569889921e-03 1.496241897289e-19 9.314100720458e-01 -2.878429180205e+04                  0                  0 3.750000000000e-03 -5.029614389047e+01 -1.928756989836e+01 
                59 -2.885469199897e+04 2.958571211957e-03 -2.888474679207e-19 9.313622245542e-01 -2.878509800889e+04                  0                  0 3.750000000000e-03 -5.029356012592e+01 -1.930042995417e+01 
                60 -2.885486253026e+04 2.955273344270e-03 1.732170787383e-19 9.313054278565e-01 -2.878526129976e+04                  0                  0 3.750000000000e-03 -5.029049310425e+01 -1.931073739706e+01 
                61 -2.885491885977e+04 2.951686492185e-03 -1.618785797943e-19 9.311993161183e-01 -2.878530635632e+04                  0                  0 3.750000000000e-03 -5.028476307039e+01 -1.932774037905e+01 
                62 -2.885492942587e+04 2.948594877294e-03 4.993809641235e-19 9.310940846277e-01 -2.878530615969e+04                  0                  0 3.750000000000e-03 -5.027908056989e+01 -1.934418560860e+01 
                63 -2.885496357432e+04 2.926547838218e-03 6.608438874421e-19 9.303469566882e-01 -2.878526429606e+04                  0                  0 3.750000000000e-03 -5.023873566117e+01 -1.946054259756e+01 
                64 -2.885500582567e+04 2.925203803879e-03 1.108277157737e-19 9.302996721257e-01 -2.878530163014e+04                  0                  0 3.750000000000e-03 -5.023618229479e+01 -1.946801322984e+01 
                65 -2.885501042514e+04 2.923744263765e-03 -1.348327619406e-19 9.302508075516e-01 -2.878530128472e+04                  0                  0 3.750000000000e-03 -5.023354360779e+01 -1.947559681636e+01 
                66 -2.885501569711e+04 2.922035746816e-03 4.733601396282e-19 9.301936731449e-01 -2.878530077859e+04                  0                  0 3.750000000000e-03 -5.023045834982e+01 -1.948446017270e+01 
                67 -2.885616750119e+04 2.347915367663e-03 -7.758428817630e-20 9.125422883041e-01 -2.878474669458e+04                  0                  0 3.750000000000e-03 -4.927728356842e+01 -2.214352304706e+01 
                68 -2.885513928476e+04 2.328974049278e-03 -9.500314426015e-20 9.120613962797e-01 -2.878368127927e+04                  0                  0 3.750000000000e-03 -4.925131539910e+01 -2.220669009166e+01 
                69 -2.885615501352e+04 2.315707557902e-03 -1.577940014300e-18 9.119586393750e-01 -2.878468583000e+04                  0                  0 3.750000000000e-03 -4.924576652625e+01 -2.222341698648e+01 
                70 -2.885629020006e+04 2.311956472136e-03 5.288748655601e-19 9.118876704209e-01 -2.878481503717e+04                  0                  0 3.750000000000e-03 -4.924193420273e+01 -2.223322868333e+01 
                71 -2.885634106792e+04 2.309516318993e-03 -4.662845146516e-19 9.118384927238e-01 -2.878486191129e+04                  0                  0 3.750000000000e-03 -4.923927860709e+01 -2.223987802443e+01 
                72 -2.885634755720e+04 2.307201747428e-03 -6.028113896307e-19 9.117931578985e-01 -2.878486488157e+04                  0                  0 3.750000000000e-03 -4.923683052652e+01 -2.224584510365e+01 
                73 -2.885638483523e+04 2.291617365820e-03 1.709140435485e-20 9.114846679939e-01 -2.878487850423e+04                  0                  0 3.750000000000e-03 -4.922017207167e+01 -2.228615892798e+01 
                74 -2.885640734759e+04 2.281608976368e-03 5.849573764133e-19 9.112818277630e-01 -2.878488581908e+04                  0                  0 3.750000000000e-03 -4.920921869920e+01 -2.231230980611e+01 
                75 -2.885645589024e+04 2.223238799088e-03 -7.141773364219e-19 9.100528540417e-01 -2.878484527914e+04                  0                  0 3.750000000000e-03 -4.914285411825e+01 -2.246775698575e+01 
                76 -2.885653150679e+04 2.218455911173e-03 1.889889347254e-19 9.099576754682e-01 -2.878491403980e+04                  0                  0 3.750000000000e-03 -4.913771447528e+01 -2.247975251381e+01 
                77 -2.885654056457e+04 2.214570197803e-03 -1.009009199850e-18 9.098714752839e-01 -2.878491704364e+04                  0                  0 3.750000000000e-03 -4.913305966533e+01 -2.249046125878e+01 
                78 -2.885654670873e+04 2.212397020951e-03 -9.048204044438e-19 9.098229009627e-01 -2.878491977587e+04                  0                  0 3.750000000000e-03 -4.913043665199e+01 -2.249649620906e+01 
                79 -2.885655355106e+04 2.208613278342e-03 6.564832561326e-19 9.097382924745e-01 -2.878492069387e+04                  0                  0 3.750000000000e-03 -4.912586779362e+01 -2.250698939559e+01 
                80 -2.885655887628e+04 2.205657321979e-03 -1.534681413139e-19 9.096719454104e-01 -2.878492137776e+04                  0                  0 3.750000000000e-03 -4.912228505216e+01 -2.251521347307e+01 
                81 -2.885710671735e+04 1.828666210543e-03 3.231632697674e-19 9.005621918195e-01 -2.878485583059e+04                  0                  0 3.750000000000e-03 -4.863035835825e+01 -2.362052840800e+01 
                82 -2.885697281750e+04 1.823922092634e-03 -2.660524464955e-19 9.004174667909e-01 -2.878471194975e+04                  0                  0 3.750000000000e-03 -4.862254320671e+01 -2.363832454569e+01 
                83 -2.885717311046e+04 1.822961563905e-03 -2.872441788311e-19 9.003686616911e-01 -2.878490798738e+04                  0                  0 3.750000000000e-03 -4.861990773132e+01 -2.364521534470e+01 
                84 -2.885717780080e+04 1.821556694785e-03 6.052518960396e-19 9.003213183580e-01 -2.878490925915e+04                  0                  0 3.750000000000e-03 -4.861735119133e+01 -2.365119045453e+01 
                85 -2.885719473957e+04 1.815620590574e-03 -3.712755420916e-19 9.001206345864e-01 -2.878491176517e+04                  0                  0 3.750000000000e-03 -4.860651426767e+01 -2.367646013272e+01 
                86 -2.885728921975e+04 1.780187159617e-03 7.804853608133e-19 8.988979282958e-01 -2.878491968834e+04                  0                  0 3.750000000000e-03 -4.854048812797e+01 -2.382904328581e+01 
                87 -2.885682244625e+04 1.479166200292e-03 -1.263249936311e-19 8.872316620384e-01 -2.878367387296e+04                  0                  0 3.750000000000e-03 -4.791050975007e+01 -2.523806354597e+01 
                88 -2.885778419320e+04 1.472302429072e-03 7.261911701763e-20 8.871348437173e-01 -2.878462642128e+04                  0                  0 3.750000000000e-03 -4.790528156073e+01 -2.525249036462e+01 
                89 -2.885792555927e+04 1.470160525906e-03 -1.063120532944e-18 8.870573044749e-01 -2.878476198149e+04                  0                  0 3.750000000000e-03 -4.790109444165e+01 -2.526248333612e+01 
                90 -2.885794778046e+04 1.468776966671e-03 -7.938389234411e-20 8.869973362767e-01 -2.878477994423e+04                  0                  0 3.750000000000e-03 -4.789785615894e+01 -2.526998007316e+01 
                91 -2.885795580300e+04 1.467317017677e-03 1.035474922539e-18 8.869325362124e-01 -2.878478344180e+04                  0                  0 3.750000000000e-03 -4.789435695547e+01 -2.527800424429e+01 
                92 -2.885796183607e+04 1.465992156418e-03 -1.126559930639e-18 8.868732542669e-01 -2.878478536017e+04                  0                  0 3.750000000000e-03 -4.789115573041e+01 -2.528532016766e+01 
                93 -2.885803163963e+04 1.447346974914e-03 -4.062406456885e-19 8.860205166755e-01 -2.878479722893e+04                  0                  0 3.750000000000e-03 -4.784510790048e+01 -2.538930280048e+01 
                94 -2.885804104587e+04 1.443454457408e-03 5.674387098746e-21 8.858385508016e-01 -2.878479479250e+04                  0                  0 3.750000000000e-03 -4.783528174329e+01 -2.541097161923e+01 
                95 -2.885803496316e+04 1.440710998542e-03 5.658049709524e-20 8.857089936512e-01 -2.878478036616e+04                  0                  0 3.750000000000e-03 -4.782828565716e+01 -2.542631134512e+01 
                96 -2.885806237060e+04 1.439683748261e-03 3.755077584399e-19 8.856608493923e-01 -2.878480460234e+04                  0                  0 3.750000000000e-03 -4.782568586718e+01 -2.543208239276e+01 
                97 -2.885806591388e+04 1.438600616041e-03 7.398235668112e-19 8.856095745076e-01 -2.878480484466e+04                  0                  0 3.750000000000e-03 -4.782291702341e+01 -2.543815220439e+01 
                98 -2.885808162360e+04 1.433739956768e-03 -5.889345130292e-19 8.853789365969e-01 -2.878480575240e+04                  0                  0 3.750000000000e-03 -4.781046257623e+01 -2.546540863086e+01 
                99 -2.885861609688e+04 1.148908049645e-03 1.224282266575e-19 8.704628829963e-01 -2.878447828004e+04                  0                  0 3.750000000000e-03 -4.700499568180e+01 -2.713282116682e+01 
               100 -2.885357489784e+04 1.121648601287e-03 1.571517364252e-19 8.692126044762e-01 -2.877935293490e+04                  0                  0 3.750000000000e-03 -4.693748064172e+01 -2.728448229963e+01 
               101 -2.885625855820e+04 1.118360841167e-03 -3.551842821945e-19 8.691380486102e-01 -2.878202366337e+04                  0                  0 3.750000000000e-03 -4.693345462495e+01 -2.730144019615e+01 
               102 -2.885887532892e+04 1.116727612798e-03 -7.507462312076e-19 8.690984343290e-01 -2.878463015631e+04                  0                  0 3.750000000000e-03 -4.693131545377e+01 -2.731385715091e+01 
               103 -2.885888418476e+04 1.115824037424e-03 6.202108913873e-19 8.690505795909e-01 -2.878463598650e+04                  0                  0 3.750000000000e-03 -4.692873129791e+01 -2.731946697063e+01 
               104 -2.885889612069e+04 1.113983356330e-03 7.103547682293e-20 8.689503876713e-01 -2.878464166103e+04                  0                  0 3.750000000000e-03 -4.692332093425e+01 -2.733113873146e+01 
               105 -2.885893251195e+04 1.106551303124e-03 1.051817489940e-18 8.685351850415e-01 -2.878465257086e+04                  0                  0 3.750000000000e-03 -4.690089999224e+01 -2.737904109698e+01 
               106 -2.885895132167e+04 1.102270748100e-03 -9.448394721997e-19 8.682874599515e-01 -2.878465662807e+04                  0                  0 3.750000000000e-03 -4.688752283738e+01 -2.740717075471e+01 
               107 -2.885890691137e+04 1.089389140810e-03 6.379108357913e-19 8.675079610678e-01 -2.878456723523e+04                  0                  0 3.750000000000e-03 -4.684542989766e+01 -2.749424624493e+01 
               108 -2.885900699285e+04 1.088011470789e-03 -1.680767771345e-19 8.674385471153e-01 -2.878466301255e+04                  0                  0 3.750000000000e-03 -4.684168154423e+01 -2.750229875446e+01 
               109 -2.885901504479e+04 1.086934456270e-03 1.115261958924e-19 8.673728354138e-01 -2.878466732858e+04                  0                  0 3.750000000000e-03 -4.683813311235e+01 -2.750958309720e+01 
               110 -2.885901905319e+04 1.085986017845e-03 4.741257510779e-19 8.673141554935e-01 -2.878466803085e+04                  0                  0 3.750000000000e-03 -4.683496439665e+01 -2.751605793404e+01 
               111 -2.885904591456e+04 1.078404966612e-03 5.263091274998e-19 8.668414944128e-01 -2.878466840720e+04                  0                  0 3.750000000000e-03 -4.680944069829e+01 -2.756806666931e+01 
               112 -2.885905394363e+04 1.076329606256e-03 8.961930925044e-19 8.667105732651e-01 -2.878466917023e+04                  0                  0 3.750000000000e-03 -4.680237095631e+01 -2.758240245003e+01 
               113 -2.885905821636e+04 1.071892195350e-03 1.443567194131e-18 8.664298815417e-01 -2.878465797025e+04                  0                  0 3.750000000000e-03 -4.678721360325e+01 -2.761303250171e+01 
               114 -2.885907265131e+04 1.071152688340e-03 -4.722563964207e-19 8.663808907795e-01 -2.878466966563e+04                  0                  0 3.750000000000e-03 -4.678456810209e+01 -2.761841757945e+01 
               115 -2.885907558757e+04 1.070310821931e-03 2.087214178216e-18 8.663268692806e-01 -2.878466963193e+04                  0                  0 3.750000000000e-03 -4.678165094115e+01 -2.762430469219e+01 
               116 -2.885907905321e+04 1.069309319007e-03 -4.660243515112e-19 8.662625034312e-01 -2.878466956244e+04                  0                  0 3.750000000000e-03 -4.677817518529e+01 -2.763131558308e+01 
               117 -2.885976619973e+04 7.172162812128e-04 6.425610760826e-19 8.421546423549e-01 -2.878413369205e+04                  0                  0 3.750000000000e-03 -4.547635068716e+01 -3.015615699738e+01 
               118 -2.885532241006e+04 7.012652395140e-04 -8.727789842600e-19 8.405266866071e-01 -2.877960156700e+04                  0                  0 3.750000000000e-03 -4.538844107678e+01 -3.033240198368e+01 
               119 -2.884516771373e+04 6.767623145948e-04 6.836981723137e-19 8.403348097972e-01 -2.876946570542e+04                  0                  0 3.750000000000e-03 -4.537807972905e+01 -3.032392857850e+01 
               120 -2.886006016971e+04 6.895604039747e-04 -4.538026072301e-19 8.403219907114e-01 -2.878430712518e+04                  0                  0 3.750000000000e-03 -4.537738749842e+01 -3.037565702284e+01 
               121 -2.886014823431e+04 6.889313303039e-04 -1.278274361360e-18 8.402758166790e-01 -2.878439260636e+04                  0                  0 3.750000000000e-03 -4.537489410067e+01 -3.038073385010e+01 
               122 -2.886016412660e+04 6.883521800667e-04 -5.966500080459e-19 8.402256994222e-01 -2.878440605085e+04                  0                  0 3.750000000000e-03 -4.537218776880e+01 -3.038588798467e+01 
               123 -2.886017976928e+04 6.869271984737e-04 -3.568248639512e-19 8.400852522362e-01 -2.878441506841e+04                  0                  0 3.750000000000e-03 -4.536460362075e+01 -3.040009724799e+01 
               124 -2.886018824224e+04 6.857893394161e-04 -1.908060298303e-18 8.399696144349e-01 -2.878441815903e+04                  0                  0 3.750000000000e-03 -4.535835917948e+01 -3.041172402762e+01 
               125 -2.886026541923e+04 6.736229365450e-04 9.977106970936e-19 8.387066779165e-01 -2.878443801464e+04                  0                  0 3.750000000000e-03 -4.529016060749e+01 -3.053724397853e+01 
               126 -2.886025907061e+04 6.705690939083e-04 1.391961241245e-18 8.383745956521e-01 -2.878441705809e+04                  0                  0 3.750000000000e-03 -4.527222816521e+01 -3.056978435363e+01 
               127 -2.886025818325e+04 6.692677864927e-04 5.751654879127e-19 8.382359430204e-01 -2.878441015039e+04                  0                  0 3.750000000000e-03 -4.526474092310e+01 -3.058329194018e+01 
               128 -2.886029102691e+04 6.686554255151e-04 -5.914247559091e-19 8.381735397320e-01 -2.878444026691e+04                  0                  0 3.750000000000e-03 -4.526137114553e+01 -3.058938885816e+01 
               129 -2.886029526241e+04 6.681124233761e-04 -1.128823868147e-18 8.381146836122e-01 -2.878444193014e+04                  0                  0 3.750000000000e-03 -4.525819291506e+01 -3.059513935044e+01 
               130 -2.886029755445e+04 6.676736034810e-04 2.068717978556e-18 8.380671613712e-01 -2.878444214951e+04                  0                  0 3.750000000000e-03 -4.525562671404e+01 -3.059977822417e+01 
               131 -2.886031961700e+04 6.631617718561e-04 5.012552752307e-19 8.375774414701e-01 -2.878444290339e+04                  0                  0 3.750000000000e-03 -4.522918183938e+01 -3.064753177870e+01 
               132 -2.886033133560e+04 6.605801020986e-04 -2.096470542499e-18 8.372951854668e-01 -2.878444238574e+04                  0                  0 3.750000000000e-03 -4.521394001521e+01 -3.067500984733e+01 
               133 -2.885986741032e+04 6.452409563033e-04 -5.856046984137e-19 8.356353415876e-01 -2.878390807405e+04                  0                  0 3.750000000000e-03 -4.512430844573e+01 -3.083502781539e+01 
               134 -2.886038490124e+04 6.451047081838e-04 -1.805136383734e-18 8.355849760698e-01 -2.878442221022e+04                  0                  0 3.750000000000e-03 -4.512158870777e+01 -3.084110230504e+01 
               135 -2.886040360820e+04 6.446475366043e-04 -1.052590902894e-18 8.355356694819e-01 -2.878443879932e+04                  0                  0 3.750000000000e-03 -4.511892615202e+01 -3.084588273149e+01 
               136 -2.886040733077e+04 6.441455072739e-04 8.284772788231e-19 8.354795559100e-01 -2.878444011382e+04                  0                  0 3.750000000000e-03 -4.511589601914e+01 -3.085132093583e+01 
               137 -2.886041310926e+04 6.428579468750e-04 6.658996572226e-20 8.353344936707e-01 -2.878443966457e+04                  0                  0 3.750000000000e-03 -4.510806265822e+01 -3.086538203008e+01 
               138 -2.886041627263e+04 6.421679620320e-04 6.831791293466e-20 8.352566305985e-01 -2.878443948652e+04                  0                  0 3.750000000000e-03 -4.510385805232e+01 -3.087292805605e+01 
               139 -2.886046037467e+04 6.317061195108e-04 2.461327161086e-19 8.340717064208e-01 -2.878443281841e+04                  0                  0 3.750000000000e-03 -4.503987214672e+01 -3.098768411406e+01 
               140 -2.886046462236e+04 6.312630643402e-04 1.187820654071e-18 8.340204386546e-01 -2.878443486658e+04                  0                  0 3.750000000000e-03 -4.503710368735e+01 -3.099265209370e+01 
               141 -2.886046715476e+04 6.307020940441e-04 -1.051845513900e-19 8.339559720990e-01 -2.878443464333e+04                  0                  0 3.750000000000e-03 -4.503362249334e+01 -3.099888893755e+01 
               142 -2.886046902443e+04 6.302831276399e-04 -2.525682842123e-19 8.339077851860e-01 -2.878443445368e+04                  0                  0 3.750000000000e-03 -4.503102040005e+01 -3.100355035681e+01 
               143 -2.886074235848e+04 5.673260804453e-04 4.424617772141e-19 8.265494303977e-01 -2.878439544959e+04                  0                  0 3.750000000000e-03 -4.463366924147e+01 -3.171323964918e+01 
               144 -2.886072191666e+04 5.637953850319e-04 -5.820735121714e-19 8.261035370468e-01 -2.878435657781e+04                  0                  0 3.750000000000e-03 -4.460959100053e+01 -3.175574785457e+01 
               145 -2.886065835544e+04 5.626017717625e-04 4.480446654842e-19 8.259708620008e-01 -2.878428775744e+04                  0                  0 3.750000000000e-03 -4.460242654804e+01 -3.176817145471e+01 
               146 -2.886076569529e+04 5.624129411542e-04 -5.998348519276e-19 8.259238255640e-01 -2.878439276995e+04                  0                  0 3.750000000000e-03 -4.459988658045e+01 -3.177303876219e+01 
               147 -2.886076791562e+04 5.620530426477e-04 -1.832744010929e-18 8.258778249799e-01 -2.878439308226e+04                  0                  0 3.750000000000e-03 -4.459740254892e+01 -3.177743080611e+01 
               148 -2.886077004819e+04 5.616130436530e-04 3.335408693789e-19 8.258214691593e-01 -2.878439287857e+04                  0                  0 3.750000000000e-03 -4.459435933460e+01 -3.178281028264e+01 
               149 -2.886082168242e+04 5.499182496016e-04 -1.112831886103e-18 8.243180848157e-01 -2.878438230579e+04                  0                  0 3.750000000000e-03 -4.451317658005e+01 -3.192620005164e+01 
               150 -2.886082772147e+04 5.491838548595e-04 2.134108922084e-19 8.242232242877e-01 -2.878438444453e+04                  0                  0 3.750000000000e-03 -4.450805411153e+01 -3.193522282185e+01 
               151 -2.886083260907e+04 5.481463321967e-04 -1.066602710137e-18 8.240875936736e-01 -2.878438376519e+04                  0                  0 3.750000000000e-03 -4.450073005837e+01 -3.194811382064e+01 
               152 -2.886083527828e+04 5.475863588956e-04 2.207819611450e-18 8.240142832520e-01 -2.878438342747e+04                  0                  0 3.750000000000e-03 -4.449677129561e+01 -3.195507951932e+01 
               153 -2.886088542883e+04 5.358917516010e-04 -2.859696167657e-19 8.224795627031e-01 -2.878437075202e+04                  0                  0 3.750000000000e-03 -4.441389638597e+01 -3.210078042357e+01 
               154 -2.886089149667e+04 5.355439790430e-04 6.856449363708e-20 8.224320461218e-01 -2.878437487180e+04                  0                  0 3.750000000000e-03 -4.441133049058e+01 -3.210529438508e+01 
               155 -2.886089341853e+04 5.351422117524e-04 -8.900208104752e-19 8.223783969538e-01 -2.878437461270e+04                  0                  0 3.750000000000e-03 -4.440843343550e+01 -3.211037239115e+01 
               156 -2.886089526595e+04 5.347512682801e-04 -5.154101369271e-19 8.223261585488e-01 -2.878437433715e+04                  0                  0 3.750000000000e-03 -4.440561256163e+01 -3.211531623887e+01 
               157 -2.886183573946e+04 3.074146388387e-04 8.711140939447e-19 7.906105756664e-01 -2.878406148784e+04                  0                  0 3.750000000000e-03 -4.269297108599e+01 -3.508128052914e+01 
               158 -2.886173741639e+04 3.064489442178e-04 -4.565244064339e-19 7.904113867317e-01 -2.878395717044e+04                  0                  0 3.750000000000e-03 -4.268221488351e+01 -3.509803107237e+01 
               159 -2.886185315016e+04 3.059512093782e-04 4.256924071539e-19 7.903391352768e-01 -2.878407046426e+04                  0                  0 3.750000000000e-03 -4.267831330495e+01 -3.510437259590e+01 
               160 -2.886189355920e+04 3.058100516354e-04 -4.808737802243e-19 7.902923145822e-01 -2.878410927532e+04                  0                  0 3.750000000000e-03 -4.267578498744e+01 -3.510849889278e+01 
               161 -2.886189581408e+04 3.056125820019e-04 1.715847817321e-18 7.902497805837e-01 -2.878411020416e+04                  0                  0 3.750000000000e-03 -4.267348815152e+01 -3.511212176968e+01 
               162 -2.886189723461e+04 3.054058520523e-04 1.367638219591e-18 7.902054045539e-01 -2.878411024527e+04                  0                  0 3.750000000000e-03 -4.267109184591e+01 -3.511589749507e+01 
               163 -2.886192213818e+04 3.008668197151e-04 5.197770623440e-20 7.892254213747e-01 -2.878410475212e+04                  0                  0 3.750000000000e-03 -4.261817275424e+01 -3.519921331015e+01 
               164 -2.886192887849e+04 3.003824382351e-04 -2.315825723702e-19 7.891218741159e-01 -2.878410824224e+04                  0                  0 3.750000000000e-03 -4.261258120226e+01 -3.520805504761e+01 
               165 -2.886193278927e+04 2.997608971196e-04 6.381132119617e-19 7.889859997465e-01 -2.878410792384e+04                  0                  0 3.750000000000e-03 -4.260524398631e+01 -3.521962144475e+01 
               166 -2.886193461703e+04 2.994746992069e-04 -7.176816047314e-20 7.889233126570e-01 -2.878410779999e+04                  0                  0 3.750000000000e-03 -4.260185888348e+01 -3.522495815546e+01 
               167 -2.886196390977e+04 2.942962351448e-04 1.473438281590e-18 7.877872156847e-01 -2.878410175587e+04                  0                  0 3.750000000000e-03 -4.254050964697e+01 -3.532164426172e+01 
               168 -2.886196821100e+04 2.941078317847e-04 3.046291879051e-18 7.877437374755e-01 -2.878410469085e+04                  0                  0 3.750000000000e-03 -4.253816182368e+01 -3.532535832667e+01 
               169 -2.886196962076e+04 2.938869940349e-04 -1.186011768155e-18 7.876944743594e-01 -2.878410456497e+04                  0                  0 3.750000000000e-03 -4.253550161541e+01 -3.532955417283e+01 
               170 -2.886197096368e+04 2.936741939155e-04 -2.312874284455e-18 7.876469686292e-01 -2.878410442706e+04                  0                  0 3.750000000000e-03 -4.253293630597e+01 -3.533360031226e+01 
               171 -2.886256169130e+04 1.855721601794e-04 -1.854761220671e-18 7.625192870238e-01 -2.878392292360e+04                  0                  0 3.750000000000e-03 -4.117604149928e+01 -3.746272619444e+01 
               172 -2.886252338632e+04 1.849911204075e-04 1.815888055278e-19 7.623379040492e-01 -2.878387934082e+04                  0                  0 3.750000000000e-03 -4.116624681866e+01 -3.747779868539e+01 
               173 -2.886257577945e+04 1.846057004965e-04 7.977619818602e-19 7.622624241710e-01 -2.878392933436e+04                  0                  0 3.750000000000e-03 -4.116217090523e+01 -3.748427418265e+01 
               174 -2.886261106284e+04 1.845564037486e-04 2.899593301768e-18 7.622187923056e-01 -2.878396319738e+04                  0                  0 3.750000000000e-03 -4.115981478450e+01 -3.748805067848e+01 
               175 -2.886261286601e+04 1.844436238401e-04 7.394559983621e-19 7.621794692559e-01 -2.878396382680e+04                  0                  0 3.750000000000e-03 -4.115769133982e+01 -3.749134786791e+01 
               176 -2.886261399448e+04 1.843282267860e-04 -2.658659485660e-18 7.621396270895e-01 -2.878396376956e+04                  0                  0 3.750000000000e-03 -4.115553986284e+01 -3.749468505951e+01 
               177 -2.886265114986e+04 1.793853027783e-04 -1.099185244175e-19 7.604460194775e-01 -2.878395089610e+04                  0                  0 3.750000000000e-03 -4.106408505179e+01 -3.763616870306e+01 
               178 -2.886265953580e+04 1.789974705420e-04 -1.389367438131e-18 7.603197359425e-01 -2.878395560933e+04                  0                  0 3.750000000000e-03 -4.105726574089e+01 -3.764666072813e+01 
               179 -2.886266298198e+04 1.786723256314e-04 4.542807102714e-19 7.602093246737e-01 -2.878395586534e+04                  0                  0 3.750000000000e-03 -4.105130353238e+01 -3.765581310291e+01 
               180 -2.886266501190e+04 1.784310415262e-04 1.683698211234e-18 7.601265494918e-01 -2.878395550910e+04                  0                  0 3.750000000000e-03 -4.104683367256e+01 -3.766266913202e+01 
               181 -2.886267532560e+04 1.768000338195e-04 -3.903255817038e-18 7.595679006950e-01 -2.878394974879e+04                  0                  0 3.750000000000e-03 -4.101666663753e+01 -3.770891016993e+01 
               182 -2.886267891094e+04 1.766896474033e-04 2.212028424050e-18 7.595277591005e-01 -2.878395217440e+04                  0                  0 3.750000000000e-03 -4.101449899143e+01 -3.771223754622e+01 
               183 -2.886267998213e+04 1.765587414866e-04 3.869758487417e-18 7.594825492004e-01 -2.878395194960e+04                  0                  0 3.750000000000e-03 -4.101205765682e+01 -3.771597486605e+01 
               184 -2.886268114361e+04 1.764133445495e-04 -6.354855275298e-19 7.594323023405e-01 -2.878395167120e+04                  0                  0 3.750000000000e-03 -4.100934432639e+01 -3.772012808373e+01 
               185 -2.886294508030e+04 1.381821844532e-04 -1.752394465552e-18 7.461827583694e-01 -2.878384158683e+04                  0                  0 3.750000000000e-03 -4.029386895195e+01 -3.880962451890e+01 
               186 -2.886291607527e+04 1.376601398917e-04 5.928025961700e-19 7.460158188067e-01 -2.878380831621e+04                  0                  0 3.750000000000e-03 -4.028485421556e+01 -3.882290484610e+01 
               187 -2.886295194833e+04 1.375245138773e-04 -2.591092608605e-18 7.459556456278e-01 -2.878384256625e+04                  0                  0 3.750000000000e-03 -4.028160486390e+01 -3.882777721578e+01 
               188 -2.886296804059e+04 1.374674265869e-04 -2.349902800318e-18 7.459174132604e-01 -2.878385760776e+04                  0                  0 3.750000000000e-03 -4.027954031606e+01 -3.883089251764e+01 
               189 -2.886296909616e+04 1.373760704100e-04 -6.985424247143e-19 7.458798893282e-01 -2.878385768291e+04                  0                  0 3.750000000000e-03 -4.027751402372e+01 -3.883389922169e+01 
               190 -2.886297023744e+04 1.372667018976e-04 1.872823727697e-18 7.458348285417e-01 -2.878385764741e+04                  0                  0 3.750000000000e-03 -4.027508074125e+01 -3.883750928643e+01 
               191 -2.886300614285e+04 1.325746813147e-04 -3.937159722473e-19 7.438747421778e-01 -2.878384256093e+04                  0                  0 3.750000000000e-03 -4.016923607760e+01 -3.899434583753e+01 
               192 -2.886301265709e+04 1.320236800537e-04 1.627568161263e-18 7.436623026513e-01 -2.878384359928e+04                  0                  0 3.750000000000e-03 -4.015776434317e+01 -3.901129346483e+01 
               193 -2.886301542364e+04 1.316763558801e-04 -3.610995568917e-20 7.435175794214e-01 -2.878384260306e+04                  0                  0 3.750000000000e-03 -4.014994928876e+01 -3.902287128501e+01 
               194 -2.886302105979e+04 1.315214098843e-04 1.775847866714e-18 7.434536319839e-01 -2.878384656833e+04                  0                  0 3.750000000000e-03 -4.014649612713e+01 -3.902799533190e+01 
               195 -2.886302329841e+04 1.314068090931e-04 7.228616817777e-19 7.434028879711e-01 -2.878384748640e+04                  0                  0 3.750000000000e-03 -4.014375595044e+01 -3.903205605768e+01 
               196 -2.886302427925e+04 1.313237954992e-04 2.404986294025e-18 7.433666267765e-01 -2.878384752601e+04                  0                  0 3.750000000000e-03 -4.014179784593e+01 -3.903495539025e+01 
               197 -2.886302621332e+04 1.311064949029e-04 1.200949664753e-18 7.432722286914e-01 -2.878384701228e+04                  0                  0 3.750000000000e-03 -4.013670034934e+01 -3.904250069534e+01 
               198 -2.886302837749e+04 1.308618219396e-04 -2.820431484813e-20 7.431657439838e-01 -2.878384641585e+04                  0                  0 3.750000000000e-03 -4.013095017512e+01 -3.905101146510e+01 
               199 -2.886335316670e+04 3.886929256046e-05 -1.518635959655e-20 7.020820987811e-01 -2.878313346649e+04                  0                  0 3.750000000000e-03 -3.791243333418e+01 -4.230726687865e+01 
               200 -2.886350970040e+04 3.882397657990e-05 -6.287017347700e-19 7.020328653729e-01 -2.878328875692e+04                  0                  0 3.750000000000e-03 -3.790977473014e+01 -4.231116875157e+01 
               201 -2.886365918918e+04 3.903301436732e-05 4.545743483598e-19 7.020032708459e-01 -2.878343725677e+04                  0                  0 3.750000000000e-03 -3.790817662568e+01 -4.231375577889e+01 
               202 -2.886366850564e+04 3.891443989789e-05 -3.464854151084e-19 7.019746233844e-01 -2.878344603795e+04                  0                  0 3.750000000000e-03 -3.790662966276e+01 -4.231583802221e+01 
               203 -2.886370380206e+04 3.840919954872e-05 1.910108235740e-18 7.017616773393e-01 -2.878347715504e+04                  0                  0 3.750000000000e-03 -3.789513057632e+01 -4.233151644404e+01 
               204 -2.886371252911e+04 3.821187765648e-05 2.602612256688e-18 7.015265755707e-01 -2.878348117239e+04                  0                  0 3.750000000000e-03 -3.788243508082e+01 -4.234892163006e+01 
               205 -2.886368754449e+04 3.745795489508e-05 1.196951669242e-18 7.005645869284e-01 -2.878343769804e+04                  0                  0 3.750000000000e-03 -3.783048769413e+01 -4.241935875600e+01 
               206 -2.886373193585e+04 3.726067368072e-05 -1.913014499897e-19 7.005057400754e-01 -2.878348073952e+04                  0                  0 3.750000000000e-03 -3.782730996407e+01 -4.242388636913e+01 
               207 -2.886373789823e+04 3.722755841388e-05 -9.531944099768e-21 7.004575730904e-01 -2.878348576969e+04                  0                  0 3.750000000000e-03 -3.782470894688e+01 -4.242741958906e+01 
               208 -2.886374208632e+04 3.721246695996e-05 -1.123805668508e-18 7.004285883869e-01 -2.878348939469e+04                  0                  0 3.750000000000e-03 -3.782314377289e+01 -4.242954785790e+01 
               209 -2.886374270438e+04 3.718649599772e-05 1.074082952209e-18 7.003978411662e-01 -2.878348942841e+04                  0                  0 3.750000000000e-03 -3.782148342298e+01 -4.243179254988e+01 
               210 -2.886374387558e+04 3.713566864058e-05 4.645505141830e-19 7.003376439955e-01 -2.878348945641e+04                  0                  0 3.750000000000e-03 -3.781823277576e+01 -4.243618638771e+01 
               211 -2.886379129854e+04 3.388651876227e-05 3.503780020749e-19 6.969306163402e-01 -2.878347327281e+04                  0                  0 3.750000000000e-03 -3.763425328237e+01 -4.268377245209e+01 
               212 -2.886371917301e+04 3.328095863296e-05 -1.723821220798e-18 6.963666057038e-01 -2.878339061947e+04                  0                  0 3.750000000000e-03 -3.760379670800e+01 -4.272475683188e+01 
               213 -2.886347712541e+04 3.249863060918e-05 -1.573448402820e-18 6.962770230473e-01 -2.878314764092e+04                  0                  0 3.750000000000e-03 -3.759895924455e+01 -4.273052524516e+01 
               214 -2.886380321627e+04 3.330177885304e-05 1.372916176000e-18 6.962480921919e-01 -2.878347212887e+04                  0                  0 3.750000000000e-03 -3.759739697836e+01 -4.273369042211e+01 
               215 -2.886380522166e+04 3.327728508762e-05 -4.670652608887e-19 6.962200574470e-01 -2.878347359532e+04                  0                  0 3.750000000000e-03 -3.759588310214e+01 -4.273574323914e+01 
               216 -2.886380610222e+04 3.324676863918e-05 -8.318541168395e-19 6.961838867362e-01 -2.878347378392e+04                  0                  0 3.750000000000e-03 -3.759392988375e+01 -4.273838841817e+01 
               217 -2.886380846743e+04 3.313192244018e-05 7.568032331219e-19 6.960430160090e-01 -2.878347346163e+04                  0                  0 3.750000000000e-03 -3.758632286449e+01 -4.274868293055e+01 
               218 -2.886380993071e+04 3.305507079112e-05 5.989313501172e-19 6.959461580074e-01 -2.878347308070e+04                  0                  0 3.750000000000e-03 -3.758109253240e+01 -4.275575747694e+01 
               219 -2.886381407443e+04 3.264410994750e-05 2.645152133594e-19 6.954163349911e-01 -2.878346715084e+04                  0                  0 3.750000000000e-03 -3.755248208952e+01 -4.279444150169e+01 
               220 -2.886381801286e+04 3.260471677201e-05 -3.122652840393e-19 6.953706828810e-01 -2.878347022008e+04                  0                  0 3.750000000000e-03 -3.755001687557e+01 -4.279777590494e+01 
               221 -2.886381871890e+04 3.256930521514e-05 1.737388806318e-18 6.953244392061e-01 -2.878347004560e+04                  0                  0 3.750000000000e-03 -3.754751971713e+01 -4.280115357691e+01 
               222 -2.886381917792e+04 3.254499350491e-05 8.201688267583e-19 6.952925501202e-01 -2.878346989753e+04                  0                  0 3.750000000000e-03 -3.754579770649e+01 -4.280348268990e+01 
               223 -2.886382452449e+04 3.224534881288e-05 -1.357752403949e-18 6.948995052267e-01 -2.878346776442e+04                  0                  0 3.750000000000e-03 -3.752457328224e+01 -4.283218678560e+01 
               224 -2.886382518656e+04 3.221172697363e-05 -3.665657428446e-19 6.948547057727e-01 -2.878346757303e+04                  0                  0 3.750000000000e-03 -3.752215411173e+01 -4.283545941971e+01 
               225 -2.886382657075e+04 3.212374027786e-05 -1.289929534715e-18 6.947382168182e-01 -2.878346673921e+04                  0                  0 3.750000000000e-03 -3.751586370818e+01 -4.284396783276e+01 
               226 -2.886382717971e+04 3.210349586897e-05 -2.168253761336e-19 6.947103511300e-01 -2.878346681655e+04                  0                  0 3.750000000000e-03 -3.751435896102e+01 -4.284600419966e+01 
               227 -2.886382786325e+04 3.206598781318e-05 -4.654540159934e-20 6.946601642851e-01 -2.878346654397e+04                  0                  0 3.750000000000e-03 -3.751164887140e+01 -4.284967041039e+01 
               228 -2.886382896143e+04 3.200571460732e-05 -6.304334465733e-19 6.945793954619e-01 -2.878346610332e+04                  0                  0 3.750000000000e-03 -3.750728735494e+01 -4.285557075498e+01 
               229 -2.886401875414e+04 -1.572881030449e-05 1.357933104311e-18 6.324150090903e-01 -2.878251612389e+04                  0                  0 3.750000000000e-03 -3.415041049087e+01 -4.735221976569e+01 
               230 -2.886406380283e+04 -1.565871624070e-05 1.550348873200e-18 6.323867916411e-01 -2.878256037399e+04                  0                  0 3.750000000000e-03 -3.414888674862e+01 -4.735454208290e+01 
               231 -2.886433937270e+04 -1.493738329003e-05 -8.195664922180e-19 6.323716879458e-01 -2.878283475844e+04                  0                  0 3.750000000000e-03 -3.414807114908e+01 -4.735654310404e+01 
               232 -2.886434190241e+04 -1.495004431821e-05 2.397291470274e-20 6.323571563950e-01 -2.878283695433e+04                  0                  0 3.750000000000e-03 -3.414728644533e+01 -4.735766163371e+01 
               233 -2.886439187096e+04 -1.549894099131e-05 -9.590671717445e-19 6.318969548471e-01 -2.878287767163e+04                  0                  0 3.750000000000e-03 -3.412243556174e+01 -4.739176376511e+01 
               234 -2.886438731254e+04 -1.541371300545e-05 -1.267793740360e-18 6.316825772884e-01 -2.878286990016e+04                  0                  0 3.750000000000e-03 -3.411085917357e+01 -4.740655320609e+01 
               235 -2.886428734523e+04 -1.523602791602e-05 3.973992479611e-18 6.315870153360e-01 -2.878276897862e+04                  0                  0 3.750000000000e-03 -3.410569882815e+01 -4.741266777560e+01 
               236 -2.886440369513e+04 -1.539984543659e-05 6.982563158077e-19 6.315627330749e-01 -2.878288444241e+04                  0                  0 3.750000000000e-03 -3.410438758605e+01 -4.741486514113e+01 
               237 -2.886441315219e+04 -1.539783196192e-05 -1.246531331088e-18 6.315415228839e-01 -2.878289355692e+04                  0                  0 3.750000000000e-03 -3.410324223573e+01 -4.741635303613e+01 
               238 -2.886441445496e+04 -1.538729519722e-05 -1.537067396587e-18 6.315232074908e-01 -2.878289459674e+04                  0                  0 3.750000000000e-03 -3.410225320450e+01 -4.741760501499e+01 
               239 -2.886441545797e+04 -1.536831942726e-05 1.635518977194e-18 6.314930050001e-01 -2.878289517364e+04                  0                  0 3.750000000000e-03 -3.410062227000e+01 -4.741966205177e+01 
               240 -2.886441640826e+04 -1.534654852660e-05 7.283730428212e-19 6.314592637538e-01 -2.878289565140e+04                  0                  0 3.750000000000e-03 -3.409880024270e+01 -4.742195661724e+01 
               241 -2.886442551350e+04 -1.500529012897e-05 -1.097182481828e-18 6.307952064035e-01 -2.878289582354e+04                  0                  0 3.750000000000e-03 -3.406294114579e+01 -4.746674880663e+01 
               242 -2.886442636809e+04 -1.498237563032e-05 1.282008835510e-18 6.307639479593e-01 -2.878289627032e+04                  0                  0 3.750000000000e-03 -3.406125318980e+01 -4.746884457082e+01 
               243 -2.886443039660e+04 -1.496856241771e-05 4.317835151924e-19 6.307475037024e-01 -2.878290007273e+04                  0                  0 3.750000000000e-03 -3.406036519993e+01 -4.746995866913e+01 
               244 -2.886443056691e+04 -1.495682076107e-05 2.080704435908e-18 6.307315072459e-01 -2.878290003544e+04                  0                  0 3.750000000000e-03 -3.405950139128e+01 -4.747103007708e+01 
               245 -2.886443189258e+04 -1.485104927550e-05 3.536306085924e-19 6.305869380328e-01 -2.878289948763e+04                  0                  0 3.750000000000e-03 -3.405169465377e+01 -4.748071029827e+01 
               246 -2.886443253170e+04 -1.477540411998e-05 -2.126542094422e-18 6.304839990655e-01 -2.878289879442e+04                  0                  0 3.750000000000e-03 -3.404613594954e+01 -4.748760133128e+01 
               247 -2.886441109927e+04 -1.463053306901e-05 -7.965874295067e-20 6.303197979971e-01 -2.878287530517e+04                  0                  0 3.750000000000e-03 -3.403726909184e+01 -4.749852501406e+01 
               248 -2.886443410164e+04 -1.464568817729e-05 -6.413658184792e-19 6.303056495053e-01 -2.878289805570e+04                  0                  0 3.750000000000e-03 -3.403650507329e+01 -4.749954087026e+01 
               249 -2.886443421105e+04 -1.463537006781e-05 -7.912868855523e-19 6.302914337903e-01 -2.878289798099e+04                  0                  0 3.750000000000e-03 -3.403573742468e+01 -4.750049263426e+01 
               250 -2.886443433444e+04 -1.462304970995e-05 4.165143345965e-19 6.302744548884e-01 -2.878289788449e+04                  0                  0 3.750000000000e-03 -3.403482056397e+01 -4.750162938002e+01 
               251 -2.886445092480e+04 -1.247436047746e-05 1.324262603510e-18 6.271051738750e-01 -2.878287392802e+04                  0                  0 3.750000000000e-03 -3.386367938925e+01 -4.771331739530e+01 
               252 -2.886440025052e+04 -1.211249130557e-05 -7.361130416636e-19 6.265212603015e-01 -2.878281531862e+04                  0                  0 3.750000000000e-03 -3.383214805628e+01 -4.775278383747e+01 
               253 -2.886431871597e+04 -1.206387329721e-05 1.117036934112e-18 6.264653920416e-01 -2.878273322324e+04                  0                  0 3.750000000000e-03 -3.382913117025e+01 -4.775636156223e+01 
               254 -2.886445136183e+04 -1.216417930642e-05 2.653705284066e-18 6.264462564633e-01 -2.878286538562e+04                  0                  0 3.750000000000e-03 -3.382809784902e+01 -4.775787836242e+01 
               255 -2.886445636838e+04 -1.215669921200e-05 5.803493295499e-20 6.264283806631e-01 -2.878287013299e+04                  0                  0 3.750000000000e-03 -3.382713255581e+01 -4.775910284069e+01 
               256 -2.886445682799e+04 -1.214834076520e-05 1.091791587693e-18 6.264135841736e-01 -2.878287039182e+04                  0                  0 3.750000000000e-03 -3.382633354537e+01 -4.776010261994e+01 
               257 -2.886445699452e+04 -1.213730256258e-05 -2.016134173191e-18 6.263946224408e-01 -2.878287030278e+04                  0                  0 3.750000000000e-03 -3.382530961180e+01 -4.776138212140e+01 
               258 -2.886445721030e+04 -1.211822007638e-05 -2.074470273416e-18 6.263621324264e-01 -2.878287008104e+04                  0                  0 3.750000000000e-03 -3.382355515103e+01 -4.776357411015e+01 
               259 -2.886445905651e+04 -1.192901801244e-05 -3.752845353151e-19 6.260399414594e-01 -2.878286759269e+04                  0                  0 3.750000000000e-03 -3.380615683881e+01 -4.778530697704e+01 
               260 -2.886445923393e+04 -1.191112475541e-05 -2.424998859126e-19 6.260094104135e-01 -2.878286735935e+04                  0                  0 3.750000000000e-03 -3.380450816233e+01 -4.778736640979e+01 
               261 -2.886445940472e+04 -1.189607805417e-05 2.106905988409e-18 6.259838814259e-01 -2.878286718658e+04                  0                  0 3.750000000000e-03 -3.380312959700e+01 -4.778908854156e+01 
               262 -2.886445954317e+04 -1.188800790794e-05 -2.730472821224e-18 6.259702029876e-01 -2.878286714080e+04                  0                  0 3.750000000000e-03 -3.380239096133e+01 -4.779001140981e+01 
               263 -2.886445967357e+04 -1.187465718512e-05 -3.068743899039e-18 6.259475791327e-01 -2.878286696678e+04                  0                  0 3.750000000000e-03 -3.380116927317e+01 -4.779153751387e+01 
               264 -2.886445988982e+04 -1.185230004648e-05 1.899702906557e-18 6.259096927950e-01 -2.878286667325e+04                  0                  0 3.750000000000e-03 -3.379912341093e+01 -4.779409315907e+01 
               265 -2.886447451556e+04 -8.672776157533e-06 3.576361332851e-19 6.203240409055e-01 -2.878280667526e+04                  0                  0 3.750000000000e-03 -3.349749820890e+01 -4.817034209744e+01 
               266 -2.886448183569e+04 -8.672255682763e-06 1.949485856310e-18 6.203043791362e-01 -2.878281369034e+04                  0                  0 3.750000000000e-03 -3.349643647335e+01 -4.817170887134e+01 
               267 -2.886448602948e+04 -8.670441727363e-06 8.688073408851e-19 6.202918363649e-01 -2.878281769299e+04                  0                  0 3.750000000000e-03 -3.349575916370e+01 -4.817257733255e+01 
               268 -2.886448632753e+04 -8.666072857219e-06 1.037732062704e-18 6.202796417432e-01 -2.878281781746e+04                  0                  0 3.750000000000e-03 -3.349510065413e+01 -4.817340940972e+01 
               269 -2.886448742311e+04 -8.632143175394e-06 1.513997983695e-18 6.201995575876e-01 -2.878281778321e+04                  0                  0 3.750000000000e-03 -3.349077610973e+01 -4.817886379282e+01 
               270 -2.886448802362e+04 -8.600301155713e-06 -5.240310500347e-20 6.201295108957e-01 -2.878281740065e+04                  0                  0 3.750000000000e-03 -3.348699358837e+01 -4.818362938001e+01 
               271 -2.886448521182e+04 -8.333209515560e-06 8.269450903363e-19 6.195311386353e-01 -2.878280626257e+04                  0                  0 3.750000000000e-03 -3.345468148631e+01 -4.822426776459e+01 
               272 -2.886449202383e+04 -8.332434561946e-06 1.029058445324e-18 6.195173766984e-01 -2.878281286090e+04                  0                  0 3.750000000000e-03 -3.345393834171e+01 -4.822522458190e+01 
               273 -2.886449224380e+04 -8.326913967150e-06 -1.949154572313e-19 6.195048988044e-01 -2.878281290610e+04                  0                  0 3.750000000000e-03 -3.345326453544e+01 -4.822607316741e+01 
               274 -2.886449232391e+04 -8.321369477667e-06 1.404824848271e-18 6.194927006431e-01 -2.878281281561e+04                  0                  0 3.750000000000e-03 -3.345260583472e+01 -4.822690245816e+01 
               275 -2.886449302356e+04 -8.248343228682e-06 4.114547244582e-19 6.193335661312e-01 -2.878281128865e+04                  0                  0 3.750000000000e-03 -3.344401257108e+01 -4.823772233425e+01 
               276 -2.886449337218e+04 -8.227661148388e-06 8.333298364632e-20 6.192873469491e-01 -2.878281099084e+04                  0                  0 3.750000000000e-03 -3.344151673525e+01 -4.824086460992e+01 
               277 -2.886449373975e+04 -8.190737412788e-06 -1.499572071456e-18 6.192061649968e-01 -2.878281022175e+04                  0                  0 3.750000000000e-03 -3.343713290983e+01 -4.824638508462e+01 
               278 -2.886449383483e+04 -8.184733712861e-06 -1.750896158383e-18 6.191928794110e-01 -2.878281013066e+04                  0                  0 3.750000000000e-03 -3.343641548819e+01 -4.824728867681e+01 
               279 -2.886449395240e+04 -8.173746392642e-06 -3.975709133050e-19 6.191686346776e-01 -2.878280990860e+04                  0                  0 3.750000000000e-03 -3.343510627259e+01 -4.824893751818e+01 
               280 -2.886449401494e+04 -8.167931548279e-06 -2.907017074977e-18 6.191557924697e-01 -2.878280979123e+04                  0                  0 3.750000000000e-03 -3.343441279337e+01 -4.824981091465e+01 
               281 -2.886449723457e+04 -7.858621747915e-06 7.609292247227e-19 6.184702407179e-01 -2.878280341227e+04                  0                  0 3.750000000000e-03 -3.339739299877e+01 -4.829642930481e+01 
               282 -2.886449727328e+04 -7.831938037288e-06 8.088148206742e-19 6.184100293010e-01 -2.878280260557e+04                  0                  0 3.750000000000e-03 -3.339414158225e+01 -4.830052612901e+01 
               283 -2.886449681331e+04 -7.816924993473e-06 -2.085974863135e-18 6.183770708865e-01 -2.878280168421e+04                  0                  0 3.750000000000e-03 -3.339236182787e+01 -4.830276727657e+01 
               284 -2.886449773324e+04 -7.812623693839e-06 1.480056432351e-18 6.183654956807e-01 -2.878280243887e+04                  0                  0 3.750000000000e-03 -3.339173676676e+01 -4.830355760304e+01 
               285 -2.886449778820e+04 -7.807406507207e-06 -1.624616722016e-18 6.183535931025e-01 -2.878280232652e+04                  0                  0 3.750000000000e-03 -3.339109402754e+01 -4.830436764669e+01 
               286 -2.886449785629e+04 -7.800881958093e-06 3.005528889038e-18 6.183387023590e-01 -2.878280218531e+04                  0                  0 3.750000000000e-03 -3.339028992739e+01 -4.830538105819e+01 
               287 -2.886455088648e+04 -1.520825907249e-06 2.351032177581e-18 6.038828893351e-01 -2.878265371609e+04                  0                  0 3.750000000000e-03 -3.260967602409e+01 -4.928749436104e+01 
               288 -2.886435787289e+04 -1.296691782965e-06 -7.259486462966e-19 6.035684315986e-01 -2.878245602692e+04                  0                  0 3.750000000000e-03 -3.259269530633e+01 -4.930915066315e+01 
               289 -2.886449644901e+04 -1.512198057827e-06 -5.713143114458e-19 6.035510558035e-01 -2.878259455187e+04                  0                  0 3.750000000000e-03 -3.259175701339e+01 -4.931014012100e+01 
               290 -2.886454879461e+04 -1.551603809107e-06 2.294894598428e-19 6.035396589833e-01 -2.878264674257e+04                  0                  0 3.750000000000e-03 -3.259114158510e+01 -4.931091045727e+01 
               291 -2.886455200631e+04 -1.555473936252e-06 -2.959269596345e-18 6.035289069975e-01 -2.878264980489e+04                  0                  0 3.750000000000e-03 -3.259056097786e+01 -4.931164044872e+01 
               292 -2.886455277207e+04 -1.556009539376e-06 -1.246922848539e-18 6.035199213277e-01 -2.878265044565e+04                  0                  0 3.750000000000e-03 -3.259007575170e+01 -4.931225067114e+01 
               293 -2.886455331435e+04 -1.555221962806e-06 1.300982373529e-18 6.035037090579e-01 -2.878265076141e+04                  0                  0 3.750000000000e-03 -3.258920028913e+01 -4.931335264316e+01 
               294 -2.886455359690e+04 -1.552500754632e-06 2.458006791933e-18 6.034779821111e-01 -2.878265068315e+04                  0                  0 3.750000000000e-03 -3.258781103400e+01 -4.931510271054e+01 
               295 -2.886455354441e+04 -1.547376767689e-06 2.328053114869e-18 6.034360353191e-01 -2.878265004337e+04                  0                  0 3.750000000000e-03 -3.258554590723e+01 -4.931795514172e+01 
               296 -2.886455386239e+04 -1.546598766390e-06 -5.336081692249e-19 6.034276408367e-01 -2.878265024292e+04                  0                  0 3.750000000000e-03 -3.258509260518e+01 -4.931852686231e+01 
               297 -2.886455389506e+04 -1.545601398138e-06 2.267518493572e-18 6.034193293359e-01 -2.878265015919e+04                  0                  0 3.750000000000e-03 -3.258464378414e+01 -4.931909207611e+01 
               298 -2.886455392804e+04 -1.544531666613e-06 2.116091590149e-18 6.034104410415e-01 -2.878265006773e+04                  0                  0 3.750000000000e-03 -3.258416381624e+01 -4.931969649058e+01 
               299 -2.886455580714e+04 -1.449209929970e-06 -1.917532008949e-18 6.025578097734e-01 -2.878264003247e+04                  0                  0 3.750000000000e-03 -3.253812172776e+01 -4.937765294816e+01 
               300 -2.886455664177e+04 -1.440866377692e-06 -1.236502460993e-18 6.024721496007e-01 -2.878263968042e+04                  0                  0 3.750000000000e-03 -3.253349607844e+01 -4.938346527749e+01 
               301 -2.886455286516e+04 -1.429626263886e-06 2.470595583824e-18 6.024048829064e-01 -2.878263498392e+04                  0                  0 3.750000000000e-03 -3.252986367695e+01 -4.938801756661e+01 
               302 -2.886455693878e+04 -1.432042881231e-06 -9.079289692756e-19 6.023965596626e-01 -2.878263893158e+04                  0                  0 3.750000000000e-03 -3.252941422178e+01 -4.938859298292e+01 
               303 -2.886455704335e+04 -1.431283724670e-06 7.667116363093e-19 6.023887811254e-01 -2.878263892864e+04                  0                  0 3.750000000000e-03 -3.252899418077e+01 -4.938912052333e+01 
               304 -2.886455709378e+04 -1.430307706934e-06 -1.246983081993e-18 6.023798803528e-01 -2.878263885606e+04                  0                  0 3.750000000000e-03 -3.252851353905e+01 -4.938972417912e+01 
               305 -2.886455724268e+04 -1.424697672873e-06 -1.169854144112e-18 6.023318615581e-01 -2.878263834079e+04                  0                  0 3.750000000000e-03 -3.252592052414e+01 -4.939298135896e+01 
               306 -2.886455733150e+04 -1.421545178161e-06 1.747191800960e-18 6.023046502594e-01 -2.878263805325e+04                  0                  0 3.750000000000e-03 -3.252445111401e+01 -4.939482713040e+01 
               307 -2.886455754556e+04 -1.409709721392e-06 -8.694699088793e-20 6.022038876367e-01 -2.878263687347e+04                  0                  0 3.750000000000e-03 -3.251900993238e+01 -4.940166214910e+01 
               308 -2.886455765385e+04 -1.408517090569e-06 -2.498001805407e-18 6.021927882765e-01 -2.878263682832e+04                  0                  0 3.750000000000e-03 -3.251841056693e+01 -4.940241496157e+01 
               309 -2.886455769201e+04 -1.407041739953e-06 3.255317022888e-19 6.021799832448e-01 -2.878263668935e+04                  0                  0 3.750000000000e-03 -3.251771909522e+01 -4.940328356321e+01 
               310 -2.886455771514e+04 -1.406156237466e-06 5.957690937808e-19 6.021722870565e-01 -2.878263660602e+04                  0                  0 3.750000000000e-03 -3.251730350105e+01 -4.940380561813e+01 
               311 -2.886455797836e+04 -1.395605706049e-06 -1.491079154438e-18 6.020805889713e-01 -2.878263560089e+04                  0                  0 3.750000000000e-03 -3.251235180445e+01 -4.941002566554e+01 
               312 -2.886455817415e+04 -1.387701498877e-06 4.602137054931e-19 6.020112774426e-01 -2.878263483802e+04                  0                  0 3.750000000000e-03 -3.250860898190e+01 -4.941472714178e+01 
               313 -2.886442242028e+04 -1.067984682943e-06 1.286797395105e-18 6.001056308059e-01 -2.878247314193e+04                  0                  0 3.750000000000e-03 -3.240570406352e+01 -4.954357429139e+01 
               314 -2.886456212131e+04 -1.171441906467e-06 2.585460780654e-18 6.000985206946e-01 -2.878261235988e+04                  0                  0 3.750000000000e-03 -3.240532011751e+01 -4.954444131298e+01 
               315 -2.886456317158e+04 -1.171618338324e-06 7.946599589778e-19 6.000913682319e-01 -2.878261331047e+04                  0                  0 3.750000000000e-03 -3.240493388453e+01 -4.954492722725e+01 
               316 -2.886456342662e+04 -1.170829358522e-06 -1.526827709403e-18 6.000812101361e-01 -2.878261342480e+04                  0                  0 3.750000000000e-03 -3.240438534735e+01 -4.954561647571e+01 
               317 -2.886456351166e+04 -1.169426129842e-06 5.667968023938e-20 6.000655965595e-01 -2.878261329442e+04                  0                  0 3.750000000000e-03 -3.240354221421e+01 -4.954667503394e+01 
               318 -2.886456356496e+04 -1.167711585448e-06 -2.050497358713e-18 6.000468665673e-01 -2.878261308949e+04                  0                  0 3.750000000000e-03 -3.240253079463e+01 -4.954794467515e+01 
               319 -2.886456406056e+04 -1.148054536267e-06 2.670450184286e-19 5.998335809296e-01 -2.878261064526e+04                  0                  0 3.750000000000e-03 -3.239101337020e+01 -4.956240192942e+01 
               320 -2.886456415157e+04 -1.147151747328e-06 1.087243961914e-18 5.998234892827e-01 -2.878261059743e+04                  0                  0 3.750000000000e-03 -3.239046842127e+01 -4.956308571758e+01 
               321 -2.886456418427e+04 -1.146206348178e-06 7.422267372474e-19 5.998133592663e-01 -2.878261049075e+04                  0                  0 3.750000000000e-03 -3.238992140038e+01 -4.956377211640e+01 
               322 -2.886456420601e+04 -1.145481719906e-06 2.906685790980e-18 5.998056422597e-01 -2.878261040632e+04                  0                  0 3.750000000000e-03 -3.238950468202e+01 -4.956429500962e+01 
               323 -2.886456446227e+04 -1.136039112443e-06 9.356664748550e-19 5.997055390246e-01 -2.878260928537e+04                  0                  0 3.750000000000e-03 -3.238409910733e+01 -4.957107779801e+01 
               324 -2.886456451997e+04 -1.134061572105e-06 -8.343839219086e-19 5.996844872868e-01 -2.878260905366e+04                  0                  0 3.750000000000e-03 -3.238296231349e+01 -4.957250399059e+01 
               325 -2.886456446679e+04 -1.129152774168e-06 2.934061895835e-18 5.996339853974e-01 -2.878260830676e+04                  0                  0 3.750000000000e-03 -3.238023521146e+01 -4.957592481837e+01 
               326 -2.886456467513e+04 -1.128626646584e-06 2.215205738750e-18 5.996270211465e-01 -2.878260841883e+04                  0                  0 3.750000000000e-03 -3.237985914191e+01 -4.957639715929e+01 
               327 -2.886456469423e+04 -1.127938000241e-06 1.289026032904e-18 5.996197512266e-01 -2.878260833802e+04                  0                  0 3.750000000000e-03 -3.237946656624e+01 -4.957688964564e+01 
               328 -2.886456471938e+04 -1.127026387492e-06 -5.449320585820e-19 5.996101294516e-01 -2.878260823094e+04                  0                  0 3.750000000000e-03 -3.237894699039e+01 -4.957754144832e+01 
               329 -2.886458005540e+04 -3.695341906190e-07 -8.785952771644e-19 5.915082679825e-01 -2.878251268753e+04                  0                  0 3.750000000000e-03 -3.194144647106e+01 -5.012592139552e+01 
               330 -2.886457614608e+04 -3.632513171421e-07 2.227914997550e-18 5.914628312785e-01 -2.878250818758e+04                  0                  0 3.750000000000e-03 -3.193899288904e+01 -5.012896560648e+01 
               331 -2.886457798861e+04 -3.749396818693e-07 -1.234514757010e-18 5.914459885435e-01 -2.878250984914e+04                  0                  0 3.750000000000e-03 -3.193808338135e+01 -5.013005609337e+01 
               332 -2.886458199697e+04 -3.754668990822e-07 -4.184719218524e-19 5.914387939240e-01 -2.878251376270e+04                  0                  0 3.750000000000e-03 -3.193769487190e+01 -5.013053939704e+01 
               333 -2.886458243944e+04 -3.752856135012e-07 -8.538092108323e-20 5.914332259944e-01 -2.878251413364e+04                  0                  0 3.750000000000e-03 -3.193739420370e+01 -5.013091159797e+01 
               334 -2.886458246319e+04 -3.749489927387e-07 -5.290304267189e-19 5.914281724263e-01 -2.878251409322e+04                  0                  0 3.750000000000e-03 -3.193712131102e+01 -5.013124865239e+01 
               335 -2.886458248988e+04 -3.743134499911e-07 -1.888198316838e-18 5.914188415577e-01 -2.878251400147e+04                  0                  0 3.750000000000e-03 -3.193661744412e+01 -5.013187096306e+01 
               336 -2.886458252655e+04 -3.733667546935e-07 1.223642618558e-19 5.914050148560e-01 -2.878251386258e+04                  0                  0 3.750000000000e-03 -3.193587080222e+01 -5.013279316147e+01 
               337 -2.886458293567e+04 -3.485409157473e-07 -8.944366755735e-19 5.910160508660e-01 -2.878250934232e+04                  0                  0 3.750000000000e-03 -3.191486674677e+01 -5.015872660068e+01 
               338 -2.886458330274e+04 -3.484346934885e-07 1.948763054862e-18 5.910093904334e-01 -2.878250962270e+04                  0                  0 3.750000000000e-03 -3.191450708341e+01 -5.015917295263e+01 
               339 -2.886458338165e+04 -3.482386538250e-07 -1.110433841714e-18 5.910045691959e-01 -2.878250963932e+04                  0                  0 3.750000000000e-03 -3.191424673658e+01 -5.015949558564e+01 
               340 -2.886458339114e+04 -3.480010363374e-07 2.320794983659e-18 5.909998526317e-01 -2.878250958807e+04                  0                  0 3.750000000000e-03 -3.191399204211e+01 -5.015981102657e+01 
               341 -2.886458353620e+04 -3.429475465700e-07 1.566551672333e-18 5.909020828430e-01 -2.878250847363e+04                  0                  0 3.750000000000e-03 -3.190871247352e+01 -5.016635009352e+01 
               342 -2.886458359389e+04 -3.421022461788e-07 3.993478001988e-18 5.908838242210e-01 -2.878250829618e+04                  0                  0 3.750000000000e-03 -3.190772650793e+01 -5.016757119922e+01 
               343 -2.886458363156e+04 -3.407233074052e-07 1.333207271433e-18 5.908566767951e-01 -2.878250798396e+04                  0                  0 3.750000000000e-03 -3.190626054694e+01 -5.016938705041e+01 
               344 -2.886458365231e+04 -3.404219463936e-07 -2.605157120121e-18 5.908506928013e-01 -2.878250792757e+04                  0                  0 3.750000000000e-03 -3.190593741127e+01 -5.016978732505e+01 
               345 -2.886458366726e+04 -3.399872949505e-07 -3.037573086580e-19 5.908421108067e-01 -2.878250783190e+04                  0                  0 3.750000000000e-03 -3.190547398356e+01 -5.017036138170e+01 
               346 -2.886458367949e+04 -3.396301497075e-07 -2.006677520909e-19 5.908350549068e-01 -2.878250775317e+04                  0                  0 3.750000000000e-03 -3.190509296496e+01 -5.017083336002e+01 
               347 -2.886458666844e+04 -2.378593895238e-07 -1.191417720654e-18 5.888185875681e-01 -2.878248477171e+04                  0                  0 3.750000000000e-03 -3.179620372868e+01 -5.030569300414e+01 
               348 -2.886458677559e+04 -2.376250862357e-07 1.544114710708e-18 5.888107929970e-01 -2.878248477722e+04                  0                  0 3.750000000000e-03 -3.179578282184e+01 -5.030621555192e+01 
               349 -2.886458697284e+04 -2.375716199781e-07 -1.572635251190e-18 5.888064322457e-01 -2.878248491719e+04                  0                  0 3.750000000000e-03 -3.179554734127e+01 -5.030650830594e+01 
               350 -2.886458698112e+04 -2.374166449714e-07 -4.579338692582e-18 5.888022788480e-01 -2.878248487143e+04                  0                  0 3.750000000000e-03 -3.179532305779e+01 -5.030678662996e+01 
               351 -2.886458701607e+04 -2.365894922503e-07 -3.017816513659e-18 5.887804435751e-01 -2.878248462228e+04                  0                  0 3.750000000000e-03 -3.179414395305e+01 -5.030824983137e+01 
               352 -2.886458703785e+04 -2.360577364293e-07 2.748572974159e-18 5.887664615135e-01 -2.878248446216e+04                  0                  0 3.750000000000e-03 -3.179338892173e+01 -5.030918677021e+01 
               353 -2.886458708260e+04 -2.287569346494e-07 -6.555206801755e-19 5.885746976038e-01 -2.878248201273e+04                  0                  0 3.750000000000e-03 -3.178303367060e+01 -5.032203620320e+01 
               354 -2.886458733681e+04 -2.285541310307e-07 7.988160673057e-19 5.885695783316e-01 -2.878248220017e+04                  0                  0 3.750000000000e-03 -3.178275722991e+01 -5.032237940670e+01 
               355 -2.886458734625e+04 -2.283653042262e-07 2.558114792526e-19 5.885644960348e-01 -2.878248214354e+04                  0                  0 3.750000000000e-03 -3.178248278588e+01 -5.032271992165e+01 
               356 -2.886458735471e+04 -2.281650413967e-07 1.805738718275e-18 5.885591176391e-01 -2.878248208209e+04                  0                  0 3.750000000000e-03 -3.178219235251e+01 -5.032308026673e+01 
               357 -2.886458754788e+04 -2.228724520506e-07 1.087334312095e-18 5.884174156512e-01 -2.878248043363e+04                  0                  0 3.750000000000e-03 -3.177454044516e+01 -5.033257380509e+01 
               358 -2.886458757544e+04 -2.225561510268e-07 -1.846607116832e-18 5.884085232965e-01 -2.878248034559e+04                  0                  0 3.750000000000e-03 -3.177406025801e+01 -5.033316958902e+01 
               359 -2.886458758685e+04 -2.222228129962e-07 -1.908888508296e-18 5.883994102099e-01 -2.878248023863e+04                  0                  0 3.750000000000e-03 -3.177356815133e+01 -5.033378006817e+01 
               360 -2.886458759960e+04 -2.220790719164e-07 1.376906642330e-18 5.883953621987e-01 -2.878248019877e+04                  0                  0 3.750000000000e-03 -3.177334955873e+01 -5.033405126280e+01 
               361 -2.886458760825e+04 -2.218672790684e-07 3.232428310357e-19 5.883895505443e-01 -2.878248013193e+04                  0                  0 3.750000000000e-03 -3.177303572939e+01 -5.033444058253e+01 
               362 -2.886458763120e+04 -2.213042567379e-07 -1.010536658211e-18 5.883740933576e-01 -2.878247995411e+04                  0                  0 3.750000000000e-03 -3.177220104131e+01 -5.033547604667e+01 
               363 -2.886459386037e+04 3.768452995982e-08 -4.066962815901e-19 5.813373531144e-01 -2.878239508813e+04                  0                  0 3.750000000000e-03 -3.139221706818e+01 -5.080655517094e+01 
               364 -2.886459170942e+04 3.843803769976e-08 -3.782660912894e-20 5.813319031577e-01 -2.878239287825e+04                  0                  0 3.750000000000e-03 -3.139192277052e+01 -5.080690839462e+01 
               365 -2.886459554663e+04 3.619855503427e-08 3.629065605125e-19 5.813297406330e-01 -2.878239667828e+04                  0                  0 3.750000000000e-03 -3.139180599418e+01 -5.080706234847e+01 
               366 -2.886459555181e+04 3.607197386761e-08 -5.823008934604e-18 5.813275937578e-01 -2.878239665766e+04                  0                  0 3.750000000000e-03 -3.139169006292e+01 -5.080720408627e+01 
               367 -2.886459557113e+04 3.540166023597e-08 -8.938945744873e-19 5.813155632645e-01 -2.878239653231e+04                  0                  0 3.750000000000e-03 -3.139104041628e+01 -5.080799840239e+01 
               368 -2.886459558415e+04 3.490520956855e-08 -1.976651144076e-18 5.813055086464e-01 -2.878239642431e+04                  0                  0 3.750000000000e-03 -3.139049746690e+01 -5.080866237250e+01 
               369 -2.886459543738e+04 3.079297659428e-08 -2.782695225865e-18 5.812124012692e-01 -2.878239515746e+04                  0                  0 3.750000000000e-03 -3.138546966854e+01 -5.081481025315e+01 
               370 -2.886459568966e+04 3.077247033147e-08 -5.595687879106e-20 5.812097005799e-01 -2.878239537637e+04                  0                  0 3.750000000000e-03 -3.138532383131e+01 -5.081498945751e+01 
               371 -2.886459569264e+04 3.072469566937e-08 -3.507966245804e-18 5.812071111084e-01 -2.878239534792e+04                  0                  0 3.750000000000e-03 -3.138518399985e+01 -5.081516071797e+01 
               372 -2.886459569498e+04 3.067637963386e-08 -1.556342101876e-18 5.812044648886e-01 -2.878239531814e+04                  0                  0 3.750000000000e-03 -3.138504110399e+01 -5.081533573607e+01 
               373 -2.886459569498e+04 3.067637963386e-08 -1.556342101876e-18 5.812044648886e-01 -2.878239531814e+04                  0                  0 3.750000000000e-03 -3.138504110399e+01 -5.081533573607e+01 
