#              step            E_total                m_x                m_y                m_z             E_exch              E_dmi          zeeman_Hx          zeeman_Hy          zeeman_Hz           E_zeeman 
#                                    J                                                                           J                  J                A/m                A/m                A/m                  J 
                 0 2.237447174230e-18 7.916909764132e-01 5.937033188084e-01 -8.389961865521e-04 2.626037839160e-18 -4.135269739875e-19                  0                  0 1.273239544735e+05 2.493630905827e-20 
                 1 2.096610027233e-18 7.917097962342e-01 5.937113244653e-01 1.994687463544e-02 3.225937850031e-18 -5.364747936340e-19                  0                  0 1.273239544735e+05 -5.928530291646e-19 
                 2 -1.803338971257e-19 7.918394196928e-01 5.938172044826e-01 2.622192341176e-02 1.173574653158e-18 -5.745510314094e-19                  0                  0 1.273239544735e+05 -7.793575188745e-19 
                 3 -6.229817275522e-19 7.917895354392e-01 5.937816060776e-01 3.122976833291e-02 8.888746576332e-19 -5.836577027012e-19                  0                  0 1.273239544735e+05 -9.281986824842e-19 
                 4 -8.227740064033e-19 7.917324288386e-01 5.937396997566e-01 3.466778712272e-02 7.949449498728e-19 -5.873368545309e-19                  0                  0 1.273239544735e+05 -1.030382101745e-18 
                 5 -1.102254564210e-18 7.915698275094e-01 5.936190447115e-01 4.176585834079e-02 7.314627694628e-19 -5.923691984116e-19                  0                  0 1.273239544735e+05 -1.241348135261e-18 
                 6 -1.454521116284e-18 7.912646201621e-01 5.933917551870e-01 5.151502279896e-02 6.743619934037e-19 -5.977742080668e-19                  0                  0 1.273239544735e+05 -1.531108901621e-18 
                 7 -1.347460692068e-18 7.777796674224e-01 5.832801696743e-01 1.888462263111e-01 4.816306820384e-18 -5.509555125225e-19                  0                  0 1.273239544735e+05 -5.612811999930e-18 
                 8 -5.596695631436e-18 7.775153436384e-01 5.830962080210e-01 1.925535587863e-01 7.414613982692e-19 -6.151571768795e-19                  0                  0 1.273239544735e+05 -5.722999852826e-18 
                 9 -5.842891344529e-18 7.769787249262e-01 5.826944787985e-01 1.960123522458e-01 6.024076395691e-19 -6.194982555874e-19                  0                  0 1.273239544735e+05 -5.825800728511e-18 
                10 -5.967471436824e-18 7.764848653697e-01 5.823245368032e-01 1.990790065200e-01 5.713000309583e-19 -6.218248675965e-19                  0                  0 1.273239544735e+05 -5.916946600186e-18 
                11 -7.413850799801e-18 7.680300191322e-01 5.759879621175e-01 2.447644769299e-01 4.946503888638e-19 -6.337093111488e-19                  0                  0 1.273239544735e+05 -7.274791877516e-18 
                12 -8.080517462945e-18 7.630456085989e-01 5.722525699676e-01 2.677891890348e-01 5.193992103989e-19 -6.407935125213e-19                  0                  0 1.273239544735e+05 -7.959123160822e-18 
                13 5.227777710350e-18 7.507595173831e-01 5.631576356107e-01 3.128066818017e-01 1.499739682520e-17 -4.725040410192e-19                  0                  0 1.273239544735e+05 -9.297115073834e-18 
                14 -8.968157089698e-18 7.507932529526e-01 5.630717062997e-01 3.166473091120e-01 1.085740030981e-18 -6.426324581768e-19                  0                  0 1.273239544735e+05 -9.411264662502e-18 
                15 -9.677251604954e-18 7.499246419310e-01 5.624190258551e-01 3.200264089990e-01 4.847999326584e-19 -6.503546199020e-19                  0                  0 1.273239544735e+05 -9.511696917710e-18 
                16 -9.820646617461e-18 7.490707401154e-01 5.617789789177e-01 3.231252976211e-01 4.352656514372e-19 -6.521114231369e-19                  0                  0 1.273239544735e+05 -9.603800845762e-18 
                17 -1.012090250571e-17 7.463812196935e-01 5.597627068678e-01 3.326214277773e-01 4.196745171628e-19 -6.545359950513e-19                  0                  0 1.273239544735e+05 -9.886041027821e-18 
                18 -1.030319924146e-17 7.446416198221e-01 5.584584881312e-01 3.386017820013e-01 4.162464678100e-19 -6.556589853501e-19                  0                  0 1.273239544735e+05 -1.006378672392e-17 
                19 -1.120342455766e-17 7.278935395914e-01 5.459161521790e-01 3.907859954067e-01 1.067687863325e-18 -6.563273799077e-19                  0                  0 1.273239544735e+05 -1.161478504108e-17 
                20 -1.194748274012e-17 7.270001234263e-01 5.452314777046e-01 3.935150743651e-01 4.133867164128e-19 -6.649718222726e-19                  0                  0 1.273239544735e+05 -1.169589763426e-17 
                21 -1.203782160692e-17 7.260248923933e-01 5.445002541254e-01 3.962971681208e-01 4.062694340837e-19 -6.655051289825e-19                  0                  0 1.273239544735e+05 -1.177858591202e-17 
                22 -1.213219712425e-17 7.249211789402e-01 5.436726832395e-01 3.994162198822e-01 4.051216642118e-19 -6.660296676058e-19                  0                  0 1.273239544735e+05 -1.187128912086e-17 
                23 -2.115029026770e-17 5.450786451124e-01 4.088084983093e-01 7.171278109106e-01 8.551056100506e-19 -6.912099329801e-19                  0                  0 1.273239544735e+05 -2.131418594477e-17 
                24 -1.779382081612e-17 5.340596864057e-01 4.005584048575e-01 7.294619206133e-01 4.544494638963e-18 -6.575400353904e-19                  0                  0 1.273239544735e+05 -2.168077541969e-17 
                25 -1.903761512887e-17 5.312674700356e-01 3.984949027247e-01 7.329116103414e-01 3.416390363835e-18 -6.706997747650e-19                  0                  0 1.273239544735e+05 -2.178330571794e-17 
                26 -2.205512712955e-17 5.299725071060e-01 3.974845719027e-01 7.346868207577e-01 4.822742637446e-19 -7.013335814658e-19                  0                  0 1.273239544735e+05 -2.183606781183e-17 
                27 -2.219057093928e-17 5.287386965599e-01 3.965586197620e-01 7.360849562061e-01 3.894788393897e-19 -7.024271443070e-19                  0                  0 1.273239544735e+05 -2.187762263436e-17 
                28 -2.224055140025e-17 5.275055118549e-01 3.956338191948e-01 7.374667888966e-01 3.807941732559e-19 -7.026526606280e-19                  0                  0 1.273239544735e+05 -2.191869291288e-17 
                29 -2.272023646875e-17 5.114491031931e-01 3.835919123010e-01 7.549065426539e-01 4.193035212155e-19 -7.025096918013e-19                  0                  0 1.273239544735e+05 -2.243703029817e-17 
                30 -2.288062800137e-17 5.073870363518e-01 3.805458427231e-01 7.591807173584e-01 3.868916118782e-19 -7.034540041759e-19                  0                  0 1.273239544735e+05 -2.256406560907e-17 
                31 -2.301276439473e-17 5.020917040671e-01 3.765749150454e-01 7.646522645001e-01 4.174762865171e-19 -7.035519366647e-19                  0                  0 1.273239544735e+05 -2.272668874459e-17 
                32 -2.312131769320e-17 5.001714663298e-01 3.751344145445e-01 7.666207821709e-01 3.677783442693e-19 -7.038997980850e-19                  0                  0 1.273239544735e+05 -2.278519623939e-17 
                33 -2.320112719001e-17 4.975002645238e-01 3.731311157652e-01 7.693288078812e-01 3.685540756499e-19 -7.039981693366e-19                  0                  0 1.273239544735e+05 -2.286568309633e-17 
                34 -2.324150668184e-17 4.963017019609e-01 3.722321772922e-01 7.705365455272e-01 3.641625017973e-19 -7.040901921098e-19                  0                  0 1.273239544735e+05 -2.290157899153e-17 
                35 -2.341815421715e-17 4.903752441631e-01 3.677874988593e-01 7.764362462571e-01 3.631176246422e-19 -7.043443050621e-19                  0                  0 1.273239544735e+05 -2.307692753673e-17 
                36 -2.361048231702e-17 4.836958860685e-01 3.627781878437e-01 7.829478541169e-01 3.645944877725e-19 -7.046138638778e-19                  0                  0 1.273239544735e+05 -2.327046294091e-17 
                37 -2.571972822295e-18 3.614082149530e-01 2.713804599381e-01 8.778412378925e-01 2.400701510849e-17 -4.881417946030e-19                  0                  0 1.273239544735e+05 -2.609084613618e-17 
                38 -2.591945765910e-17 3.607215753246e-01 2.705967885564e-01 8.803054754080e-01 9.487930480876e-19 -7.041634892822e-19                  0                  0 1.273239544735e+05 -2.616408721791e-17 
                39 -2.653352308309e-17 3.595792650496e-01 2.697324683177e-01 8.810890701440e-01 3.642383709064e-19 -7.103845468200e-19                  0                  0 1.273239544735e+05 -2.618737690717e-17 
                40 -2.657225660417e-17 3.585348336761e-01 2.689487033054e-01 8.817545495035e-01 3.455207740400e-19 -7.106213596995e-19                  0                  0 1.273239544735e+05 -2.620715601851e-17 
                41 -2.660463062864e-17 3.568765029533e-01 2.677047200608e-01 8.828033820906e-01 3.444326012653e-19 -7.107342287895e-19                  0                  0 1.273239544735e+05 -2.623832900112e-17 
                42 -2.663198880925e-17 3.554315900189e-01 2.666208453881e-01 8.837121348604e-01 3.441787039440e-19 -7.108289257608e-19                  0                  0 1.273239544735e+05 -2.626533858743e-17 
                43 -2.813464068332e-17 2.477065330809e-01 1.858138871227e-01 9.392392424441e-01 4.981512152442e-19 -7.170988303023e-19                  0                  0 1.273239544735e+05 -2.791569306826e-17 
                44 -2.779456144223e-17 2.456931317331e-01 1.843067646341e-01 9.400327268077e-01 8.586318030111e-19 -7.139165521725e-19                  0                  0 1.273239544735e+05 -2.793927669307e-17 
                45 -2.833264772513e-17 2.449601181660e-01 1.837521968203e-01 9.403725397522e-01 3.354541330469e-19 -7.187253807037e-19                  0                  0 1.273239544735e+05 -2.794937647748e-17 
                46 -2.834233936403e-17 2.442578246570e-01 1.832253683821e-01 9.406564205503e-01 3.342784684846e-19 -7.188039634929e-19                  0                  0 1.273239544735e+05 -2.795781386902e-17 
                47 -2.839001821491e-17 2.403380433660e-01 1.802849877397e-01 9.422235052452e-01 3.335806273700e-19 -7.192087087740e-19                  0                  0 1.273239544735e+05 -2.800439013351e-17 
                48 -2.843827346454e-17 2.362397919320e-01 1.772107432939e-01 9.438313996366e-01 3.335538791966e-19 -7.196480162780e-19                  0                  0 1.273239544735e+05 -2.805217932745e-17 
                49 -2.609402690972e-17 1.579779805223e-01 1.185080029625e-01 9.685700385817e-01 3.385717832876e-18 -6.922934839228e-19                  0                  0 1.273239544735e+05 -2.878745125867e-17 
                50 -2.902946626845e-17 1.573603065317e-01 1.180420437570e-01 9.689566395756e-01 4.960959731061e-19 -7.266205827567e-19                  0                  0 1.273239544735e+05 -2.879894165880e-17 
                51 -2.918639680712e-17 1.567328242882e-01 1.175714575992e-01 9.691262363599e-01 3.458995815628e-19 -7.283140420572e-19                  0                  0 1.273239544735e+05 -2.880398234663e-17 
                52 -2.920610600543e-17 1.562304355189e-01 1.171945145359e-01 9.692522415430e-01 3.301750611906e-19 -7.285536443951e-19                  0                  0 1.273239544735e+05 -2.880772742223e-17 
                53 -2.921180411107e-17 1.556582239322e-01 1.167652506143e-01 9.693939068607e-01 3.287962801582e-19 -7.286624490401e-19                  0                  0 1.273239544735e+05 -2.881193794219e-17 
                54 -2.921797141714e-17 1.548974800870e-01 1.161945569298e-01 9.695811712259e-01 3.283300519819e-19 -7.287977304469e-19                  0                  0 1.273239544735e+05 -2.881750373868e-17 
                55 -2.930525756676e-17 1.420081830711e-01 1.065255967414e-01 9.726015548110e-01 3.330778743679e-19 -7.310610696719e-19                  0                  0 1.273239544735e+05 -2.890727437146e-17 
                56 -2.931010981953e-17 1.407458684662e-01 1.055786758538e-01 9.728822789017e-01 3.367437712593e-19 -7.312356502029e-19                  0                  0 1.273239544735e+05 -2.891561794058e-17 
                57 -2.931886135793e-17 1.400019981872e-01 1.050206417669e-01 9.730465165052e-01 3.330502863044e-19 -7.314122993091e-19                  0                  0 1.273239544735e+05 -2.892049934493e-17 
                58 -2.932791359994e-17 1.395903062674e-01 1.047117663096e-01 9.731372472255e-01 3.268396622160e-19 -7.315572550397e-19                  0                  0 1.273239544735e+05 -2.892319600712e-17 
                59 -2.933130500392e-17 1.390897829474e-01 1.043363025735e-01 9.732467065697e-01 3.267952379564e-19 -7.316509279126e-19                  0                  0 1.273239544735e+05 -2.892644931396e-17 
                60 -2.935624173996e-17 1.353327327066e-01 1.015179838981e-01 9.740549394325e-01 3.265845310184e-19 -7.323549831641e-19                  0                  0 1.273239544735e+05 -2.895047128782e-17 
                61 -2.962244889088e-17 2.283943399191e-02 1.713274509504e-02 9.875721291349e-01 4.814025572058e-19 -7.516276548125e-19                  0                  0 1.273239544735e+05 -2.935222379327e-17 
                62 -2.881077919483e-17 2.250767302590e-02 1.688511764492e-02 9.875553937321e-01 1.281571154815e-18 -7.406239593027e-19                  0                  0 1.273239544735e+05 -2.935172639034e-17 
                63 -2.966257720148e-17 2.240262485465e-02 1.680452944199e-02 9.875938675254e-01 4.422628071235e-19 -7.519701155325e-19                  0                  0 1.273239544735e+05 -2.935286989307e-17 
                64 -2.977812762385e-17 2.233289055724e-02 1.675186550214e-02 9.875996985395e-01 3.285057223350e-19 -7.535901460872e-19                  0                  0 1.273239544735e+05 -2.935304320010e-17 
                65 -2.978144132694e-17 2.226429353243e-02 1.670040644498e-02 9.876008639847e-01 3.253146082913e-19 -7.536780961933e-19                  0                  0 1.273239544735e+05 -2.935307783904e-17 
                66 -2.978335718111e-17 2.212058702512e-02 1.659261109865e-02 9.876025719614e-01 3.235890756835e-19 -7.538176539609e-19                  0                  0 1.273239544735e+05 -2.935312860283e-17 
                67 -2.978384604025e-17 2.193384862602e-02 1.645254600961e-02 9.876043546634e-01 3.233173490426e-19 -7.539818017539e-19                  0                  0 1.273239544735e+05 -2.935318158754e-17 
                68 -2.978427756785e-17 2.168190272282e-02 1.626357185753e-02 9.876065101423e-01 3.231698217989e-19 -7.542017377796e-19                  0                  0 1.273239544735e+05 -2.935324565187e-17 
                69 -2.978439195899e-17 1.995971382294e-02 1.497182947910e-02 9.876169121734e-01 3.248225657132e-19 -7.556597078730e-19                  0                  0 1.273239544735e+05 -2.935355481683e-17 
                70 -2.978627990300e-17 1.988457367558e-02 1.491545970736e-02 9.876171748985e-01 3.230398071522e-19 -7.557570847020e-19                  0                  0 1.273239544735e+05 -2.935356262545e-17 
                71 -2.978648819367e-17 1.982400548950e-02 1.487002792559e-02 9.876173366238e-01 3.228951056919e-19 -7.558158671682e-19                  0                  0 1.273239544735e+05 -2.935356743219e-17 
                72 -2.978655600121e-17 1.976486605387e-02 1.482566855508e-02 9.876174807042e-01 3.228870355078e-19 -7.558713222031e-19                  0                  0 1.273239544735e+05 -2.935357171452e-17 
                73 -2.978888320084e-17 1.696374215491e-02 1.272461200442e-02 9.876169343494e-01 3.231672738490e-19 -7.584949987501e-19                  0                  0 1.273239544735e+05 -2.935355547593e-17 
                74 -2.978865186452e-17 1.660553512094e-02 1.245591008806e-02 9.876149007383e-01 3.237137621319e-19 -7.588705928383e-19                  0                  0 1.273239544735e+05 -2.935349503382e-17 
                75 -2.978934344287e-17 1.645214722860e-02 1.234085865865e-02 9.876139394874e-01 3.231648113578e-19 -7.590417903461e-19                  0                  0 1.273239544735e+05 -2.935346646388e-17 
                76 -2.978974849015e-17 1.635971415171e-02 1.227152949244e-02 9.876133196147e-01 3.228446311087e-19 -7.591450809694e-19                  0                  0 1.273239544735e+05 -2.935344804029e-17 
                77 -2.978984266660e-17 1.626730751135e-02 1.220221560771e-02 9.876126430660e-01 3.228306575446e-19 -7.592453920085e-19                  0                  0 1.273239544735e+05 -2.935342793214e-17 
                78 -2.978990109663e-17 1.620502747076e-02 1.215549949945e-02 9.876121707012e-01 3.228259627413e-19 -7.593131666915e-19                  0                  0 1.273239544735e+05 -2.935341389268e-17 
                79 -2.979026669089e-17 1.576920021474e-02 1.182858669007e-02 9.876086401434e-01 3.228303036033e-19 -7.597880356253e-19                  0                  0 1.273239544735e+05 -2.935330895887e-17 
                80 -2.979034062539e-17 1.568407205308e-02 1.176473235193e-02 9.876078647247e-01 3.228276035209e-19 -7.598823167353e-19                  0                  0 1.273239544735e+05 -2.935328591218e-17 
                81 -2.979043976297e-17 1.553788450898e-02 1.165507771045e-02 9.876064878161e-01 3.228495488700e-19 -7.600443235863e-19                  0                  0 1.273239544735e+05 -2.935324498826e-17 
                82 -2.979050445007e-17 1.549112716047e-02 1.162000505946e-02 9.876060314126e-01 3.228239325456e-19 -7.600969594047e-19                  0                  0 1.273239544735e+05 -2.935323142321e-17 
                83 -2.979056808009e-17 1.541264285103e-02 1.156113426935e-02 9.876052513874e-01 3.228249123878e-19 -7.601847528701e-19                  0                  0 1.273239544735e+05 -2.935320823961e-17 
                84 -2.979074634103e-17 1.519038447529e-02 1.139441908827e-02 9.876029628007e-01 3.228280330769e-19 -7.604341549526e-19                  0                  0 1.273239544735e+05 -2.935314021916e-17 
                85 -2.979003132389e-17 1.650969780691e-03 1.238560073544e-03 9.873020857793e-01 3.300032991520e-19 -7.758369503524e-19                  0                  0 1.273239544735e+05 -2.934419767269e-17 
                86 -2.979348307944e-17 1.642276710354e-03 1.232039793612e-03 9.873004706403e-01 3.266114210403e-19 -7.759448323099e-19                  0                  0 1.273239544735e+05 -2.934414966817e-17 
                87 -2.979680657410e-17 1.637163983408e-03 1.228194752739e-03 9.872995198280e-01 3.233445410340e-19 -7.760297066389e-19                  0                  0 1.273239544735e+05 -2.934412140850e-17 
                88 -2.979682713381e-17 1.632212204796e-03 1.224480279552e-03 9.872985150545e-01 3.233262805110e-19 -7.760618693033e-19                  0                  0 1.273239544735e+05 -2.934409154502e-17 
                89 -2.979684801435e-17 1.622940517068e-03 1.217525245219e-03 9.872966256718e-01 3.233092843739e-19 -7.761219091553e-19                  0                  0 1.273239544735e+05 -2.934403538957e-17 
                90 -2.979689632658e-17 1.592892276387e-03 1.194984770165e-03 9.872904556149e-01 3.232723631184e-19 -7.763166841048e-19                  0                  0 1.273239544735e+05 -2.934385200559e-17 
                91 -2.979683819853e-17 1.506118015630e-03 1.129888708895e-03 9.872722919649e-01 3.233562292310e-19 -7.768822749224e-19                  0                  0 1.273239544735e+05 -2.934331215284e-17 
                92 -2.979694636932e-17 1.499936697162e-03 1.125252133523e-03 9.872709566068e-01 3.232516171934e-19 -7.769255226475e-19                  0                  0 1.273239544735e+05 -2.934327246387e-17 
                93 -2.979695376356e-17 1.494860409206e-03 1.121443797790e-03 9.872698513405e-01 3.232458902444e-19 -7.769600401924e-19                  0                  0 1.273239544735e+05 -2.934323961362e-17 
                94 -2.979695543621e-17 1.489974296317e-03 1.117778100593e-03 9.872687848090e-01 3.232457340869e-19 -7.769932556899e-19                  0                  0 1.273239544735e+05 -2.934320791461e-17 
                95 -2.979699404017e-17 1.366403383460e-03 1.025071829038e-03 9.872417172631e-01 3.232448410818e-19 -7.778354574222e-19                  0                  0 1.273239544735e+05 -2.934240342383e-17 
                96 -2.979699427781e-17 1.326977659719e-03 9.954929420830e-04 9.872325870674e-01 3.232566546363e-19 -7.781188726846e-19                  0                  0 1.273239544735e+05 -2.934213205976e-17 
                97 -2.979682166925e-17 1.307550208307e-03 9.809185466130e-04 9.872280007759e-01 3.234323997584e-19 -7.782583211234e-19                  0                  0 1.273239544735e+05 -2.934199574788e-17 
                98 -2.979701402178e-17 1.303652317514e-03 9.779932457939e-04 9.872270750252e-01 3.232444240851e-19 -7.782902127799e-19                  0                  0 1.273239544735e+05 -2.934196823309e-17 
                99 -2.979701529158e-17 1.299760798784e-03 9.750736701399e-04 9.872261464418e-01 3.232443816629e-19 -7.783190391805e-19                  0                  0 1.273239544735e+05 -2.934194063406e-17 
               100 -2.979701697600e-17 1.294376662518e-03 9.710342722201e-04 9.872248591937e-01 3.232443961214e-19 -7.783589970801e-19                  0                  0 1.273239544735e+05 -2.934190237504e-17 
               101 -2.979717042067e-17 6.938267238170e-04 5.204787383218e-04 9.870799627755e-01 3.232705095004e-19 -7.828451085588e-19                  0                  0 1.273239544735e+05 -2.933759582161e-17 
               102 -2.979710048431e-17 6.730868724596e-04 5.049196531995e-04 9.870722636819e-01 3.233483700435e-19 -7.830818621015e-19                  0                  0 1.273239544735e+05 -2.933736699225e-17 
               103 -2.979716404590e-17 6.680352191746e-04 5.011299530477e-04 9.870703605003e-01 3.232880438851e-19 -7.831416631307e-19                  0                  0 1.273239544735e+05 -2.933731042665e-17 
               104 -2.979718580571e-17 6.649287496919e-04 4.987997605139e-04 9.870691821643e-01 3.232678895007e-19 -7.831782906021e-19                  0                  0 1.273239544735e+05 -2.933727540461e-17 
               105 -2.979718893539e-17 6.625285621033e-04 4.969991936104e-04 9.870682678470e-01 3.232658793518e-19 -7.832065850792e-19                  0                  0 1.273239544735e+05 -2.933724822966e-17 
               106 -2.979718972692e-17 6.602125738796e-04 4.952617700236e-04 9.870673833919e-01 3.232661515096e-19 -7.832339362184e-19                  0                  0 1.273239544735e+05 -2.933722194221e-17 
               107 -2.979722928688e-17 5.302387394776e-04 3.977571046695e-04 9.870175549032e-01 3.232862116395e-19 -7.847745387258e-19                  0                  0 1.273239544735e+05 -2.933574095979e-17 
               108 -2.979723032040e-17 5.204381993976e-04 3.904052404080e-04 9.870132218931e-01 3.232910142985e-19 -7.849091589119e-19                  0                  0 1.273239544735e+05 -2.933561217579e-17 
               109 -2.979722733478e-17 5.151466680294e-04 3.864359176166e-04 9.870108554174e-01 3.232971393046e-19 -7.849826337251e-19                  0                  0 1.273239544735e+05 -2.933554184035e-17 
               110 -2.979723677384e-17 5.133192095710e-04 3.850648974724e-04 9.870100332910e-01 3.232889222555e-19 -7.850082906428e-19                  0                  0 1.273239544735e+05 -2.933551740545e-17 
               111 -2.979723763389e-17 5.116533939563e-04 3.838152833887e-04 9.870092819483e-01 3.232890795755e-19 -7.850316391390e-19                  0                  0 1.273239544735e+05 -2.933549507433e-17 
               112 -2.979723823678e-17 5.100067107292e-04 3.825800239350e-04 9.870085377282e-01 3.232894803223e-19 -7.850547621503e-19                  0                  0 1.273239544735e+05 -2.933547295495e-17 
               113 -2.979725576683e-17 4.520463845849e-04 3.391010958983e-04 9.869822690566e-01 3.233072269779e-19 -7.858707858215e-19                  0                  0 1.273239544735e+05 -2.933469220799e-17 
               114 -2.979725909345e-17 4.479403178506e-04 3.360209175378e-04 9.869802628053e-01 3.233066167227e-19 -7.859331311974e-19                  0                  0 1.273239544735e+05 -2.933463257897e-17 
               115 -2.979726055395e-17 4.440503308149e-04 3.331028340761e-04 9.869783511926e-01 3.233077116914e-19 -7.859925028504e-19                  0                  0 1.273239544735e+05 -2.933457576279e-17 
               116 -2.979726137283e-17 4.422722080765e-04 3.317689699089e-04 9.869774726991e-01 3.233080684660e-19 -7.860197887269e-19                  0                  0 1.273239544735e+05 -2.933454965257e-17 
               117 -2.979726245812e-17 4.392123212653e-04 3.294735864689e-04 9.869759571654e-01 3.233090051202e-19 -7.860668547541e-19                  0                  0 1.273239544735e+05 -2.933450460849e-17 
               118 -2.979726297942e-17 4.378644581093e-04 3.284624822732e-04 9.869752867383e-01 3.233093784167e-19 -7.860876755434e-19                  0                  0 1.273239544735e+05 -2.933448468230e-17 
               119 -2.979726630487e-17 4.285430464654e-04 3.214699930117e-04 9.869706409267e-01 3.233122446123e-19 -7.862319481213e-19                  0                  0 1.273239544735e+05 -2.933434660136e-17 
               120 -2.979727004071e-17 4.178093029265e-04 3.134180309826e-04 9.869652195494e-01 3.233157182396e-19 -7.864002896043e-19                  0                  0 1.273239544735e+05 -2.933418546935e-17 
               121 -2.979611667026e-17 2.750142157948e-04 2.063035049542e-04 9.868918042510e-01 3.245465665718e-19 -7.886597876040e-19                  0                  0 1.273239544735e+05 -2.933200344923e-17 
               122 -2.979731721491e-17 2.741883029355e-04 2.056800557054e-04 9.868912544584e-01 3.233664143759e-19 -7.886965207911e-19                  0                  0 1.273239544735e+05 -2.933198710850e-17 
               123 -2.979731827793e-17 2.733740255502e-04 2.050692362488e-04 9.868907030782e-01 3.233660549271e-19 -7.887136122471e-19                  0                  0 1.273239544735e+05 -2.933197072061e-17 
               124 -2.979731885385e-17 2.721973994179e-04 2.041865870294e-04 9.868899047717e-01 3.233664848846e-19 -7.887383450936e-19                  0                  0 1.273239544735e+05 -2.933194699365e-17 
               125 -2.979732070646e-17 2.676138184744e-04 2.007481959384e-04 9.868867864780e-01 3.233685531787e-19 -7.888349466376e-19                  0                  0 1.273239544735e+05 -2.933185431300e-17 
               126 -2.979732180211e-17 2.649117908193e-04 1.987212639824e-04 9.868849290916e-01 3.233697876324e-19 -7.888924812775e-19                  0                  0 1.273239544735e+05 -2.933179910847e-17 
               127 -2.979734081518e-17 1.915190134063e-04 1.436654039765e-04 9.868340934416e-01 3.234143312366e-19 -7.904669547642e-19                  0                  0 1.273239544735e+05 -2.933028819165e-17 
               128 -2.979734933197e-17 1.903642567144e-04 1.427993585288e-04 9.868331096052e-01 3.234071502086e-19 -7.904975317322e-19                  0                  0 1.273239544735e+05 -2.933025895045e-17 
               129 -2.979735053100e-17 1.894248377497e-04 1.420946780669e-04 9.868323054129e-01 3.234069247890e-19 -7.905224072123e-19                  0                  0 1.273239544735e+05 -2.933023504858e-17 
               130 -2.979735096150e-17 1.887337005382e-04 1.415762331123e-04 9.868317119232e-01 3.234072080497e-19 -7.905407604617e-19                  0                  0 1.273239544735e+05 -2.933021740909e-17 
               131 -2.979735161644e-17 1.873145591829e-04 1.405116892975e-04 9.868304905215e-01 3.234080187425e-19 -7.905785280898e-19                  0                  0 1.273239544735e+05 -2.933018110710e-17 
               132 -2.979735197017e-17 1.865502217866e-04 1.399383340925e-04 9.868298296573e-01 3.234084572406e-19 -7.905989622785e-19                  0                  0 1.273239544735e+05 -2.933016146513e-17 
               133 -2.979735954663e-17 1.682978942614e-04 1.262466470394e-04 9.868140019795e-01 3.234198270520e-19 -7.910883324636e-19                  0                  0 1.273239544735e+05 -2.932969104122e-17 
               134 -2.979736002816e-17 1.672479358335e-04 1.254590217695e-04 9.868130318359e-01 3.234204992773e-19 -7.911183203954e-19                  0                  0 1.273239544735e+05 -2.932966220704e-17 
               135 -2.979736067232e-17 1.665496090862e-04 1.249351692940e-04 9.868123841469e-01 3.234206286342e-19 -7.911383443244e-19                  0                  0 1.273239544735e+05 -2.932964295663e-17 
               136 -2.979736095910e-17 1.660385322780e-04 1.245517860070e-04 9.868119089148e-01 3.234209066603e-19 -7.911530337722e-19                  0                  0 1.273239544735e+05 -2.932962883199e-17 
               137 -2.979736177353e-17 1.642863981750e-04 1.232374286096e-04 9.868102765607e-01 3.234220289073e-19 -7.912034866204e-19                  0                  0 1.273239544735e+05 -2.932958031582e-17 
               138 -2.979736311123e-17 1.613674252756e-04 1.210477753243e-04 9.868075394121e-01 3.234239330561e-19 -7.912880808907e-19                  0                  0 1.273239544735e+05 -2.932949896340e-17 
               139 -2.979708864229e-17 6.090754254161e-05 4.569030725300e-05 9.867120553383e-01 3.238070966812e-19 -7.942347150343e-19                  0                  0 1.273239544735e+05 -2.932666102393e-17 
               140 -2.979740197458e-17 6.072012600882e-05 4.554796070698e-05 9.867117054737e-01 3.234987576817e-19 -7.942501068700e-19                  0                  0 1.273239544735e+05 -2.932665062539e-17 
               141 -2.979740280694e-17 6.053698916787e-05 4.541059546415e-05 9.867113579812e-01 3.234983032556e-19 -7.942608128031e-19                  0                  0 1.273239544735e+05 -2.932664029739e-17 
               142 -2.979740308114e-17 6.035176139926e-05 4.527166205796e-05 9.867110058385e-01 3.234984019015e-19 -7.942716518953e-19                  0                  0 1.273239544735e+05 -2.932662983115e-17 
               143 -2.979740651614e-17 5.630439045657e-05 4.223588634781e-05 9.867032926186e-01 3.235028811888e-19 -7.945088154505e-19                  0                  0 1.273239544735e+05 -2.932640058188e-17 
               144 -2.979740800648e-17 5.389275936890e-05 4.042674337583e-05 9.866984953611e-01 3.235063799293e-19 -7.946563866738e-19                  0                  0 1.273239544735e+05 -2.932625799974e-17 
               145 -2.979729283754e-17 5.080481272673e-05 3.810970592926e-05 9.866921733665e-01 3.236269718439e-19 -7.948497094408e-19                  0                  0 1.273239544735e+05 -2.932607009994e-17 
               146 -2.979740992991e-17 5.062962564325e-05 3.797895497286e-05 9.866918147830e-01 3.235113548486e-19 -7.948618424847e-19                  0                  0 1.273239544735e+05 -2.932605944227e-17 
               147 -2.979741089935e-17 5.045725885365e-05 3.784966923666e-05 9.866914490159e-01 3.235107720436e-19 -7.948731003365e-19                  0                  0 1.273239544735e+05 -2.932604857106e-17 
               148 -2.979741110241e-17 5.025965057190e-05 3.770143788973e-05 9.866910286839e-01 3.235110039654e-19 -7.948860282389e-19                  0                  0 1.273239544735e+05 -2.932603607814e-17 
               149 -2.979741153126e-17 4.967444595442e-05 3.726245680238e-05 9.866897808723e-01 3.235118646974e-19 -7.949244048011e-19                  0                  0 1.273239544735e+05 -2.932599899115e-17 
               150 -2.979741172267e-17 4.942057671154e-05 3.707202139506e-05 9.866892356976e-01 3.235122366971e-19 -7.949411716671e-19                  0                  0 1.273239544735e+05 -2.932598278770e-17 
               151 -2.979741330101e-17 4.685660510922e-05 3.514870455172e-05 9.866837117678e-01 3.235163668072e-19 -7.951110601479e-19                  0                  0 1.273239544735e+05 -2.932581860767e-17 
               152 -2.979741370551e-17 4.670891217862e-05 3.503791518424e-05 9.866833830621e-01 3.235163065609e-19 -7.951211740647e-19                  0                  0 1.273239544735e+05 -2.932580883800e-17 
               153 -2.979741382955e-17 4.654545591624e-05 3.491530164845e-05 9.866830185735e-01 3.235165589877e-19 -7.951323837262e-19                  0                  0 1.273239544735e+05 -2.932579800482e-17 
               154 -2.979741394462e-17 4.639197875263e-05 3.480017373297e-05 9.866826756073e-01 3.235167981214e-19 -7.951429313930e-19                  0                  0 1.273239544735e+05 -2.932578781135e-17 
               155 -2.979744594131e-17 -1.127872979747e-05 -8.460405610934e-06 9.865531021080e-01 3.236218393718e-19 -7.991311010833e-19                  0                  0 1.273239544735e+05 -2.932193667960e-17 
               156 -2.979735463661e-17 -1.062757205424e-05 -7.972488149770e-06 9.865500597714e-01 3.237140443367e-19 -7.992224244244e-19                  0                  0 1.273239544735e+05 -2.932184625652e-17 
               157 -2.979742035559e-17 -1.056809743895e-05 -7.927369879393e-06 9.865497775676e-01 3.236493884238e-19 -7.992318750758e-19                  0                  0 1.273239544735e+05 -2.932183786893e-17 
               158 -2.979744631294e-17 -1.053075927815e-05 -7.899376131702e-06 9.865495964842e-01 3.236239727342e-19 -7.992377988191e-19                  0                  0 1.273239544735e+05 -2.932183248685e-17 
               159 -2.979744761685e-17 -1.049885517294e-05 -7.875442001691e-06 9.865494413196e-01 3.236228025119e-19 -7.992425442524e-19                  0                  0 1.273239544735e+05 -2.932182787511e-17 
               160 -2.979744776790e-17 -1.046619390380e-05 -7.850940108211e-06 9.865492821506e-01 3.236227710394e-19 -7.992473945856e-19                  0                  0 1.273239544735e+05 -2.932182314435e-17 
               161 -2.979744793251e-17 -1.036961302878e-05 -7.778488724706e-06 9.865488105392e-01 3.236229586147e-19 -7.992617637952e-19                  0                  0 1.273239544735e+05 -2.932180912733e-17 
               162 -2.979744801513e-17 -1.028774666642e-05 -7.717076261953e-06 9.865484085022e-01 3.236231769307e-19 -7.992740139012e-19                  0                  0 1.273239544735e+05 -2.932179717816e-17 
               163 -2.979744845548e-17 -9.780261492254e-06 -7.336385435558e-06 9.865459040705e-01 3.236246198971e-19 -7.993503329386e-19                  0                  0 1.273239544735e+05 -2.932172274244e-17 
               164 -2.979744853105e-17 -9.725372862459e-06 -7.295211054732e-06 9.865456246670e-01 3.236247587104e-19 -7.993588516744e-19                  0                  0 1.273239544735e+05 -2.932171443809e-17 
               165 -2.979744859833e-17 -9.651705960151e-06 -7.239950631200e-06 9.865452483847e-01 3.236249804039e-19 -7.993703243536e-19                  0                  0 1.273239544735e+05 -2.932170325438e-17 
               166 -2.979744863506e-17 -9.621027901135e-06 -7.216937827692e-06 9.865450909585e-01 3.236250649970e-19 -7.993751246311e-19                  0                  0 1.273239544735e+05 -2.932169857542e-17 
               167 -2.979744871278e-17 -9.539186572191e-06 -7.155545468853e-06 9.865446701684e-01 3.236253116571e-19 -7.993879555512e-19                  0                  0 1.273239544735e+05 -2.932168606888e-17 
               168 -2.979744875311e-17 -9.496992906276e-06 -7.123894365322e-06 9.865444520988e-01 3.236254398693e-19 -7.993946054683e-19                  0                  0 1.273239544735e+05 -2.932167958751e-17 
               169 -2.979745069615e-17 -7.122741573246e-06 -5.342876490821e-06 9.865321438714e-01 3.236331061960e-19 -7.997700350638e-19                  0                  0 1.273239544735e+05 -2.932131376729e-17 
               170 -2.979745090873e-17 -7.092347936707e-06 -5.320077509435e-06 9.865319544889e-01 3.236330548490e-19 -7.997758250436e-19                  0                  0 1.273239544735e+05 -2.932130813854e-17 
               171 -2.979745097560e-17 -7.070243803511e-06 -5.303496590704e-06 9.865318164018e-01 3.236331041310e-19 -7.997800453603e-19                  0                  0 1.273239544735e+05 -2.932130403437e-17 
               172 -2.979745099824e-17 -7.049274146545e-06 -5.287766635917e-06 9.865316851544e-01 3.236331912346e-19 -7.997840559828e-19                  0                  0 1.273239544735e+05 -2.932130013350e-17 
               173 -2.979745248108e-17 -5.526236092117e-06 -4.145291575617e-06 9.865221328438e-01 3.236397548411e-19 -8.000760123652e-19                  0                  0 1.273239544735e+05 -2.932101622355e-17 
               174 -2.979745266251e-17 -5.404099413607e-06 -4.053678284621e-06 9.865212395743e-01 3.236403244023e-19 -8.001033128006e-19                  0                  0 1.273239544735e+05 -2.932098967411e-17 
               175 -2.979745281282e-17 -5.296161977107e-06 -3.972712849065e-06 9.865204393613e-01 3.236408472292e-19 -8.001277695425e-19                  0                  0 1.273239544735e+05 -2.932096589050e-17 
               176 -2.979745288843e-17 -5.234158379570e-06 -3.926202582912e-06 9.865199740283e-01 3.236411630216e-19 -8.001419913811e-19                  0                  0 1.273239544735e+05 -2.932095206007e-17 
               177 -2.979745274960e-17 -5.139859533125e-06 -3.855466947182e-06 9.865192612434e-01 3.236418979311e-19 -8.001637725628e-19                  0                  0 1.273239544735e+05 -2.932093087497e-17 
               178 -2.979745302799e-17 -5.123968736914e-06 -3.843546749821e-06 9.865191398026e-01 3.236417256943e-19 -8.001674881288e-19                  0                  0 1.273239544735e+05 -2.932092726556e-17 
               179 -2.979745304995e-17 -5.107922820589e-06 -3.831510280924e-06 9.865190169441e-01 3.236418071458e-19 -8.001712430913e-19                  0                  0 1.273239544735e+05 -2.932092361401e-17 
               180 -2.979745307492e-17 -5.087296951188e-06 -3.816038291248e-06 9.865188587183e-01 3.236419153482e-19 -8.001760789808e-19                  0                  0 1.273239544735e+05 -2.932091891128e-17 
               181 -2.979745424835e-17 -4.049018690541e-06 -3.037199501221e-06 9.865108725192e-01 3.236475108727e-19 -8.004202105336e-19                  0                  0 1.273239544735e+05 -2.932068154868e-17 
               182 -2.979745427576e-17 -3.989539114317e-06 -2.992582336481e-06 9.865103442989e-01 3.236479282409e-19 -8.004363548806e-19                  0                  0 1.273239544735e+05 -2.932066584912e-17 
               183 -2.979745432057e-17 -3.955817706507e-06 -2.967286678125e-06 9.865100421402e-01 3.236481379341e-19 -8.004455900187e-19                  0                  0 1.273239544735e+05 -2.932065686849e-17 
               184 -2.979745440954e-17 -3.940381616054e-06 -2.955707375872e-06 9.865099031161e-01 3.236481669260e-19 -8.004498400018e-19                  0                  0 1.273239544735e+05 -2.932065273647e-17 
               185 -2.979745443400e-17 -3.925949411253e-06 -2.944881386633e-06 9.865097728246e-01 3.236482523289e-19 -8.004538223270e-19                  0                  0 1.273239544735e+05 -2.932064886400e-17 
               186 -2.979745445008e-17 -3.913988196120e-06 -2.935908966639e-06 9.865096646013e-01 3.236483274329e-19 -8.004571300794e-19                  0                  0 1.273239544735e+05 -2.932064564743e-17 
               187 -2.979745484174e-17 -3.610361384571e-06 -2.708150689958e-06 9.865069121507e-01 3.236502608254e-19 -8.005412624099e-19                  0                  0 1.273239544735e+05 -2.932056384016e-17 
               188 -2.979745490296e-17 -3.561955263715e-06 -2.671840481203e-06 9.865064511012e-01 3.236505879265e-19 -8.005553538490e-19                  0                  0 1.273239544735e+05 -2.932055013704e-17 
               189 -2.979745482104e-17 -3.463954567132e-06 -2.598329526634e-06 9.865055100106e-01 3.236514603249e-19 -8.005841150584e-19                  0                  0 1.273239544735e+05 -2.932052216631e-17 
               190 -2.979745504489e-17 -3.450862242430e-06 -2.588507540604e-06 9.865053821464e-01 3.236513465527e-19 -8.005880254597e-19                  0                  0 1.273239544735e+05 -2.932051836598e-17 
               191 -2.979745507673e-17 -3.438540419347e-06 -2.579264633051e-06 9.865052615294e-01 3.236514164651e-19 -8.005917121368e-19                  0                  0 1.273239544735e+05 -2.932051478105e-17 
               192 -2.979745509322e-17 -3.427407402785e-06 -2.570913529521e-06 9.865051523137e-01 3.236514919247e-19 -8.005950501547e-19                  0                  0 1.273239544735e+05 -2.932051153499e-17 
               193 -2.979745526141e-17 -3.300608317107e-06 -2.475799024189e-06 9.865039059249e-01 3.236523740957e-19 -8.006331451838e-19                  0                  0 1.273239544735e+05 -2.932047449033e-17 
               194 -2.979745529655e-17 -3.279089136347e-06 -2.459657026081e-06 9.865036895035e-01 3.236525211829e-19 -8.006397597932e-19                  0                  0 1.273239544735e+05 -2.932046805794e-17 
               195 -2.979745536011e-17 -3.223670875814e-06 -2.418086688992e-06 9.865031299408e-01 3.236529284828e-19 -8.006568617509e-19                  0                  0 1.273239544735e+05 -2.932045142684e-17 
               196 -2.979745538857e-17 -3.213720926331e-06 -2.410623027811e-06 9.865030284348e-01 3.236529856434e-19 -8.006599642925e-19                  0                  0 1.273239544735e+05 -2.932044840992e-17 
               197 -2.979745540874e-17 -3.199504321636e-06 -2.399958871713e-06 9.865028831308e-01 3.236530877299e-19 -8.006644052104e-19                  0                  0 1.273239544735e+05 -2.932044409126e-17 
               198 -2.979745542827e-17 -3.185668180947e-06 -2.389580110702e-06 9.865027413362e-01 3.236531874896e-19 -8.006687388603e-19                  0                  0 1.273239544735e+05 -2.932043987690e-17 
               199 -2.979746029341e-17 1.760954859393e-06 1.320978539703e-06 9.864518380147e-01 3.236935285285e-19 -8.022268732130e-19                  0                  0 1.273239544735e+05 -2.931892694873e-17 
               200 -2.979745142857e-17 1.728448919509e-06 1.296596134141e-06 9.864516068187e-01 3.237023718687e-19 -8.022337232233e-19                  0                  0 1.273239544735e+05 -2.931892007721e-17 
               201 -2.979746065403e-17 1.723286343774e-06 1.292720940682e-06 9.864515697263e-01 3.236933147861e-19 -8.022349940527e-19                  0                  0 1.273239544735e+05 -2.931891897476e-17 
               202 -2.979746066128e-17 1.718179003925e-06 1.288889665009e-06 9.864515329254e-01 3.236933274656e-19 -8.022361077597e-19                  0                  0 1.273239544735e+05 -2.931891788098e-17 
               203 -2.979746067090e-17 1.705116257966e-06 1.279090493859e-06 9.864514386287e-01 3.236933689984e-19 -8.022389615627e-19                  0                  0 1.273239544735e+05 -2.931891507833e-17 
               204 -2.979746067757e-17 1.695347752070e-06 1.271762527952e-06 9.864513677837e-01 3.236934010925e-19 -8.022411059592e-19                  0                  0 1.273239544735e+05 -2.931891297271e-17 
               205 -2.979746083584e-17 1.454328307969e-06 1.090958711131e-06 9.864496135636e-01 3.236942186273e-19 -8.022942199780e-19                  0                  0 1.273239544735e+05 -2.931886083449e-17 
               206 -2.979746084850e-17 1.427226948236e-06 1.070628101129e-06 9.864493964515e-01 3.236943452299e-19 -8.023008121610e-19                  0                  0 1.273239544735e+05 -2.931885438157e-17 
               207 -2.979746082473e-17 1.402727270822e-06 1.052248599869e-06 9.864491979201e-01 3.236944970175e-19 -8.023068408492e-19                  0                  0 1.273239544735e+05 -2.931884848090e-17 
               208 -2.979746087933e-17 1.395851789535e-06 1.047091743103e-06 9.864491416357e-01 3.236944791480e-19 -8.023085504400e-19                  0                  0 1.273239544735e+05 -2.931884680804e-17 
               209 -2.979746088477e-17 1.388716936814e-06 1.041739431201e-06 9.864490830388e-01 3.236945117939e-19 -8.023103301172e-19                  0                  0 1.273239544735e+05 -2.931884506645e-17 
               210 -2.979746088854e-17 1.383671408904e-06 1.037954454667e-06 9.864490414724e-01 3.236945350758e-19 -8.023115925906e-19                  0                  0 1.273239544735e+05 -2.931884383103e-17 
               211 -2.979746102264e-17 1.195022292611e-06 8.964365649210e-07 9.864474838073e-01 3.236954242426e-19 -8.023589121521e-19                  0                  0 1.273239544735e+05 -2.931879753473e-17 
               212 -2.979746102920e-17 1.188825222569e-06 8.917877489420e-07 9.864474277642e-01 3.236954557959e-19 -8.023606159546e-19                  0                  0 1.273239544735e+05 -2.931879586904e-17 
               213 -2.979746103477e-17 1.183782587386e-06 8.880049490059e-07 9.864473820180e-01 3.236954813726e-19 -8.023620067486e-19                  0                  0 1.273239544735e+05 -2.931879450939e-17 
               214 -2.979746103793e-17 1.180271207414e-06 8.853708398531e-07 9.864473500813e-01 3.236954999530e-19 -8.023629777011e-19                  0                  0 1.273239544735e+05 -2.931879356018e-17 
               215 -2.979746105198e-17 1.162746126909e-06 8.722241631847e-07 9.864471904009e-01 3.236955947364e-19 -8.023678324871e-19                  0                  0 1.273239544735e+05 -2.931878881423e-17 
               216 -2.979746115257e-17 1.036354461499e-06 7.774097647691e-07 9.864460282654e-01 3.236962926391e-19 -8.024031715046e-19                  0                  0 1.273239544735e+05 -2.931875427371e-17 
               217 -2.979741234769e-17 -2.495537952199e-06 -1.872120907817e-06 9.864111066906e-01 3.237737009287e-19 -8.034696999795e-19                  0                  0 1.273239544735e+05 -2.931771634863e-17 
               218 -2.979745410775e-17 -2.484237541636e-06 -1.863642886973e-06 9.864111283245e-01 3.237322962762e-19 -8.034694123947e-19                  0                  0 1.273239544735e+05 -2.931771699163e-17 
               219 -2.979746180796e-17 -2.474784305631e-06 -1.856551290558e-06 9.864111426715e-01 3.237246555589e-19 -8.034690454901e-19                  0                  0 1.273239544735e+05 -2.931771741803e-17 
               220 -2.979746264460e-17 -2.466922646837e-06 -1.850653417896e-06 9.864111542461e-01 3.237238128159e-19 -8.034686953947e-19                  0                  0 1.273239544735e+05 -2.931771776202e-17 
               221 -2.979746278711e-17 -2.457413024234e-06 -1.843519269700e-06 9.864111681904e-01 3.237236540212e-19 -8.034682646652e-19                  0                  0 1.273239544735e+05 -2.931771817647e-17 
               222 -2.979746282042e-17 -2.441645933387e-06 -1.831690788370e-06 9.864111913250e-01 3.237235920881e-19 -8.034675484399e-19                  0                  0 1.273239544735e+05 -2.931771886406e-17 
               223 -2.979746282109e-17 -2.425017359461e-06 -1.819216012669e-06 9.864112158119e-01 3.237235610497e-19 -8.034667902820e-19                  0                  0 1.273239544735e+05 -2.931771959185e-17 
               224 -2.979746282172e-17 -2.417274762950e-06 -1.813407507326e-06 9.864112272606e-01 3.237235463269e-19 -8.034664359155e-19                  0                  0 1.273239544735e+05 -2.931771993213e-17 
               225 -2.979746282212e-17 -2.407018582094e-06 -1.805713307101e-06 9.864112424555e-01 3.237235272727e-19 -8.034659656502e-19                  0                  0 1.273239544735e+05 -2.931772038374e-17 
               226 -2.979746282244e-17 -2.399047355189e-06 -1.799733282284e-06 9.864112542955e-01 3.237235124845e-19 -8.034655992711e-19                  0                  0 1.273239544735e+05 -2.931772073565e-17 
               227 -2.979746288217e-17 -5.730930695187e-07 -4.299000949075e-07 9.864139716051e-01 3.237201629054e-19 -8.033815466010e-19                  0                  0 1.273239544735e+05 -2.931780149848e-17 
               228 -2.979746280774e-17 -5.450551080810e-07 -4.088650702844e-07 9.864140936697e-01 3.237202242295e-19 -8.033779055389e-19                  0                  0 1.273239544735e+05 -2.931780512643e-17 
               229 -2.979746279490e-17 -5.416418897839e-07 -4.063044315170e-07 9.864141090312e-01 3.237202249336e-19 -8.033774368311e-19                  0                  0 1.273239544735e+05 -2.931780558300e-17 
               230 -2.979746288898e-17 -5.400293849427e-07 -4.050947001658e-07 9.864141163178e-01 3.237201264919e-19 -8.033772159068e-19                  0                  0 1.273239544735e+05 -2.931780579957e-17 
               231 -2.979746288946e-17 -5.384229631935e-07 -4.038895390249e-07 9.864141235897e-01 3.237201201278e-19 -8.033769938899e-19                  0                  0 1.273239544735e+05 -2.931780601570e-17 
               232 -2.979746289051e-17 -5.328031657070e-07 -3.996734827243e-07 9.864141490773e-01 3.237200982041e-19 -8.033762154795e-19                  0                  0 1.273239544735e+05 -2.931780677323e-17 
               233 -2.979746289199e-17 -5.197937098590e-07 -3.899135567067e-07 9.864142084723e-01 3.237200460204e-19 -8.033743994668e-19                  0                  0 1.273239544735e+05 -2.931780853855e-17 
               234 -2.979746289308e-17 -5.099909502019e-07 -3.825593134276e-07 9.864142539329e-01 3.237200027574e-19 -8.033730061247e-19                  0                  0 1.273239544735e+05 -2.931780988971e-17 
               235 -2.979746288209e-17 -3.710853175754e-07 -2.783495810087e-07 9.864149058437e-01 3.237193806507e-19 -8.033529972023e-19                  0                  0 1.273239544735e+05 -2.931782926554e-17 
               236 -2.979746290489e-17 -3.696538761027e-07 -2.772757472575e-07 9.864149141326e-01 3.237193448211e-19 -8.033527378054e-19                  0                  0 1.273239544735e+05 -2.931782951190e-17 
               237 -2.979746290757e-17 -3.684085728534e-07 -2.763415591809e-07 9.864149213590e-01 3.237193307508e-19 -8.033525116331e-19                  0                  0 1.273239544735e+05 -2.931782972668e-17 
               238 -2.979746290816e-17 -3.671502710794e-07 -2.753976228557e-07 9.864149286753e-01 3.237193186848e-19 -8.033522827055e-19                  0                  0 1.273239544735e+05 -2.931782994414e-17 
               239 -2.979746290885e-17 -3.636657819379e-07 -2.727836805942e-07 9.864149489766e-01 3.237192863433e-19 -8.033516476700e-19                  0                  0 1.273239544735e+05 -2.931783054752e-17 
               240 -2.979746290926e-17 -3.607684997305e-07 -2.706102481156e-07 9.864149659525e-01 3.237192599173e-19 -8.033511171061e-19                  0                  0 1.273239544735e+05 -2.931783105207e-17 
               241 -2.979746291103e-17 -3.381074531432e-07 -2.536108148999e-07 9.864150993621e-01 3.237190565344e-19 -8.033469503406e-19                  0                  0 1.273239544735e+05 -2.931783501722e-17 
               242 -2.979746291244e-17 -3.370166031250e-07 -2.527925124201e-07 9.864151060403e-01 3.237190460560e-19 -8.033467427878e-19                  0                  0 1.273239544735e+05 -2.931783521571e-17 
               243 -2.979746291260e-17 -3.359370354300e-07 -2.519826733217e-07 9.864151126622e-01 3.237190369107e-19 -8.033465369927e-19                  0                  0 1.273239544735e+05 -2.931783541252e-17 
               244 -2.979746291277e-17 -3.347922345058e-07 -2.511238993064e-07 9.864151196978e-01 3.237190272258e-19 -8.033463183608e-19                  0                  0 1.273239544735e+05 -2.931783562163e-17 
               245 -2.979746292581e-17 -2.168694367793e-07 -1.626639834204e-07 9.864158458777e-01 3.237180364118e-19 -8.033237573615e-19                  0                  0 1.273239544735e+05 -2.931785720486e-17 
               246 -2.979746292799e-17 -2.139938958709e-07 -1.605068870736e-07 9.864158693773e-01 3.237180107131e-19 -8.033230354002e-19                  0                  0 1.273239544735e+05 -2.931785790330e-17 
               247 -2.979746292854e-17 -2.119697539443e-07 -1.589885305954e-07 9.864158860556e-01 3.237179930995e-19 -8.033225226279e-19                  0                  0 1.273239544735e+05 -2.931785839901e-17 
               248 -2.979746292937e-17 -2.110477175041e-07 -1.582968956434e-07 9.864158936976e-01 3.237179843626e-19 -8.033222875874e-19                  0                  0 1.273239544735e+05 -2.931785862614e-17 
               249 -2.979746292963e-17 -2.102889348778e-07 -1.577277257091e-07 9.864159000034e-01 3.237179775367e-19 -8.033220936081e-19                  0                  0 1.273239544735e+05 -2.931785881356e-17 
               250 -2.979746292976e-17 -2.096528883912e-07 -1.572506228042e-07 9.864159053009e-01 3.237179718732e-19 -8.033219306225e-19                  0                  0 1.273239544735e+05 -2.931785897101e-17 
               251 -2.979746293109e-17 -2.024303149180e-07 -1.518329322674e-07 9.864159655686e-01 3.237179073996e-19 -8.033200762303e-19                  0                  0 1.273239544735e+05 -2.931786076226e-17 
               252 -2.979746293160e-17 -1.996833715791e-07 -1.497724832029e-07 9.864159889934e-01 3.237178815119e-19 -8.033193546237e-19                  0                  0 1.273239544735e+05 -2.931786145849e-17 
               253 -2.979746293149e-17 -1.875527324989e-07 -1.406734489520e-07 9.864160933129e-01 3.237177676832e-19 -8.033161401390e-19                  0                  0 1.273239544735e+05 -2.931786455903e-17 
               254 -2.979746293373e-17 -1.867610633263e-07 -1.400796067645e-07 9.864161003921e-01 3.237177574621e-19 -8.033159217598e-19                  0                  0 1.273239544735e+05 -2.931786476943e-17 
               255 -2.979746293414e-17 -1.860533951597e-07 -1.395487920244e-07 9.864161067361e-01 3.237177498789e-19 -8.033157260280e-19                  0                  0 1.273239544735e+05 -2.931786495799e-17 
               256 -2.979746293428e-17 -1.854651150887e-07 -1.391075299273e-07 9.864161120222e-01 3.237177437462e-19 -8.033155629290e-19                  0                  0 1.273239544735e+05 -2.931786511510e-17 
               257 -2.979746293473e-17 -1.831785072570e-07 -1.373923730199e-07 9.864161326085e-01 3.237177199519e-19 -8.033149277221e-19                  0                  0 1.273239544735e+05 -2.931786572696e-17 
               258 -2.979746293496e-17 -1.819998027626e-07 -1.365082425007e-07 9.864161433015e-01 3.237177075444e-19 -8.033145977370e-19                  0                  0 1.273239544735e+05 -2.931786604477e-17 
               259 -2.979746293768e-17 -1.618703815950e-07 -1.214094439603e-07 9.864163266336e-01 3.237174959761e-19 -8.033089399623e-19                  0                  0 1.273239544735e+05 -2.931787149369e-17 
               260 -2.979746293898e-17 -1.613672920118e-07 -1.210320885622e-07 9.864163315642e-01 3.237174888986e-19 -8.033087876439e-19                  0                  0 1.273239544735e+05 -2.931787164024e-17 
               261 -2.979746293910e-17 -1.608671877241e-07 -1.206569725568e-07 9.864163364748e-01 3.237174830178e-19 -8.033086359217e-19                  0                  0 1.273239544735e+05 -2.931787178619e-17 
               262 -2.979746293921e-17 -1.603177188790e-07 -1.202448295755e-07 9.864163418804e-01 3.237174765487e-19 -8.033084689060e-19                  0                  0 1.273239544735e+05 -2.931787194685e-17 
               263 -2.979746295628e-17 -6.574195060499e-08 -4.930590881221e-08 9.864172741942e-01 3.237163701396e-19 -8.032796697064e-19                  0                  0 1.273239544735e+05 -2.931789965671e-17 
               264 -2.979746295679e-17 -6.497624300569e-08 -4.873160558867e-08 9.864172883645e-01 3.237163521522e-19 -8.032792310657e-19                  0                  0 1.273239544735e+05 -2.931790007787e-17 
               265 -2.979746295817e-17 -6.456326515922e-08 -4.842184045434e-08 9.864172960625e-01 3.237163412926e-19 -8.032789927953e-19                  0                  0 1.273239544735e+05 -2.931790030667e-17 
               266 -2.979746295837e-17 -6.423649170243e-08 -4.817675409443e-08 9.864173021766e-01 3.237163335742e-19 -8.032788035479e-19                  0                  0 1.273239544735e+05 -2.931790048839e-17 
               267 -2.979746295851e-17 -6.392756023554e-08 -4.794505134486e-08 9.864173079747e-01 3.237163263020e-19 -8.032786240873e-19                  0                  0 1.273239544735e+05 -2.931790066072e-17 
               268 -2.979746295859e-17 -6.373774392036e-08 -4.780268701914e-08 9.864173115476e-01 3.237163218233e-19 -8.032785135015e-19                  0                  0 1.273239544735e+05 -2.931790076691e-17 
               269 -2.979746295889e-17 -6.298340234416e-08 -4.723692406192e-08 9.864173257723e-01 3.237163040501e-19 -8.032780732424e-19                  0                  0 1.273239544735e+05 -2.931790118969e-17 
               270 -2.979746296078e-17 -5.811011586895e-08 -4.358194329382e-08 9.864174183346e-01 3.237161886770e-19 -8.032752086632e-19                  0                  0 1.273239544735e+05 -2.931790394080e-17 
               271 -2.979746210589e-17 1.751812697836e-07 1.313796491920e-07 9.864220730061e-01 3.237116098366e-19 -8.031314306490e-19                  0                  0 1.273239544735e+05 -2.931804228508e-17 
               272 -2.979746294218e-17 1.745628857805e-07 1.309171169958e-07 9.864220706767e-01 3.237107909317e-19 -8.031315172715e-19                  0                  0 1.273239544735e+05 -2.931804221584e-17 
               273 -2.979746299847e-17 1.740137973256e-07 1.305056730770e-07 9.864220685826e-01 3.237107394968e-19 -8.031315843569e-19                  0                  0 1.273239544735e+05 -2.931804215361e-17 
               274 -2.979746300840e-17 1.734176409862e-07 1.300588338589e-07 9.864220663005e-01 3.237107340481e-19 -8.031316566762e-19                  0                  0 1.273239544735e+05 -2.931804208578e-17 
               275 -2.979746301222e-17 1.722168468812e-07 1.291587068282e-07 9.864220616917e-01 3.237107389546e-19 -8.031318023799e-19                  0                  0 1.273239544735e+05 -2.931804194880e-17 
               276 -2.979746301252e-17 1.710018192826e-07 1.282478217881e-07 9.864220570090e-01 3.237107471921e-19 -8.031319500887e-19                  0                  0 1.273239544735e+05 -2.931804180962e-17 
               277 -2.979746301271e-17 1.679686073409e-07 1.259737049632e-07 9.864220452716e-01 3.237107677547e-19 -8.031323196970e-19                  0                  0 1.273239544735e+05 -2.931804146076e-17 
               278 -2.979746301291e-17 1.672722889696e-07 1.254515667487e-07 9.864220425492e-01 3.237107720526e-19 -8.031324051100e-19                  0                  0 1.273239544735e+05 -2.931804137985e-17 
               279 -2.979746301296e-17 1.667479404766e-07 1.250583733813e-07 9.864220404942e-01 3.237107753578e-19 -8.031324695430e-19                  0                  0 1.273239544735e+05 -2.931804131877e-17 
               280 -2.979746301298e-17 1.662453535489e-07 1.246814933570e-07 9.864220385210e-01 3.237107785375e-19 -8.031325313871e-19                  0                  0 1.273239544735e+05 -2.931804126013e-17 
               281 -2.979746301311e-17 1.591909791842e-07 1.193914973609e-07 9.864220107760e-01 3.237108230043e-19 -8.031334006122e-19                  0                  0 1.273239544735e+05 -2.931804043550e-17 
               282 -2.979746301317e-17 1.539406570555e-07 1.154537174256e-07 9.864219895982e-01 3.237108534090e-19 -8.031340605129e-19                  0                  0 1.273239544735e+05 -2.931803980606e-17 
               283 -2.979746301177e-17 1.430935521257e-07 1.073183919018e-07 9.864219449730e-01 3.237109160440e-19 -8.031354480794e-19                  0                  0 1.273239544735e+05 -2.931803847973e-17 
               284 -2.979746301319e-17 1.424228312184e-07 1.068153857204e-07 9.864219420909e-01 3.237109182010e-19 -8.031355373180e-19                  0                  0 1.273239544735e+05 -2.931803839407e-17 
               285 -2.979746301330e-17 1.418091888258e-07 1.063551579154e-07 9.864219394463e-01 3.237109213496e-19 -8.031356191793e-19                  0                  0 1.273239544735e+05 -2.931803831547e-17 
               286 -2.979746301333e-17 1.413773369938e-07 1.060312715363e-07 9.864219375804e-01 3.237109236138e-19 -8.031356769298e-19                  0                  0 1.273239544735e+05 -2.931803826001e-17 
               287 -2.979746301333e-17 1.409032876494e-07 1.056757372321e-07 9.864219355284e-01 3.237109261219e-19 -8.031357404326e-19                  0                  0 1.273239544735e+05 -2.931803819902e-17 
               288 -2.979746301334e-17 1.402316633397e-07 1.051720227775e-07 9.864219326153e-01 3.237109296734e-19 -8.031358305738e-19                  0                  0 1.273239544735e+05 -2.931803811244e-17 
               289 -2.979746301437e-17 4.668324976106e-08 3.501123939139e-08 9.864215256962e-01 3.237114243496e-19 -8.031484205667e-19                  0                  0 1.273239544735e+05 -2.931802601815e-17 
               290 -2.979746301339e-17 4.491641326094e-08 3.368611176848e-08 9.864215088046e-01 3.237114320072e-19 -8.031489292863e-19                  0                  0 1.273239544735e+05 -2.931802551611e-17 
               291 -2.979746301415e-17 4.470248135707e-08 3.352567417073e-08 9.864215067074e-01 3.237114323493e-19 -8.031489927230e-19                  0                  0 1.273239544735e+05 -2.931802545378e-17 
               292 -2.979746301444e-17 4.456397887090e-08 3.342180142124e-08 9.864215053455e-01 3.237114327959e-19 -8.031490339408e-19                  0                  0 1.273239544735e+05 -2.931802541330e-17 
               293 -2.979746301445e-17 4.443006933507e-08 3.332137313588e-08 9.864215040261e-01 3.237114335139e-19 -8.031490738798e-19                  0                  0 1.273239544735e+05 -2.931802537408e-17 
               294 -2.979746301445e-17 4.425352362687e-08 3.318896898662e-08 9.864215022832e-01 3.237114344817e-19 -8.031491266530e-19                  0                  0 1.273239544735e+05 -2.931802532228e-17 
               295 -2.979746301449e-17 4.253670453732e-08 3.190140512581e-08 9.864214852918e-01 3.237114441381e-19 -8.031496413622e-19                  0                  0 1.273239544735e+05 -2.931802481727e-17 
               296 -2.979746301450e-17 4.218474234275e-08 3.163744462472e-08 9.864214817190e-01 3.237114465920e-19 -8.031497500170e-19                  0                  0 1.273239544735e+05 -2.931802471108e-17 
               297 -2.979746301452e-17 4.151208337105e-08 3.113297178235e-08 9.864214748549e-01 3.237114514357e-19 -8.031499588889e-19                  0                  0 1.273239544735e+05 -2.931802450707e-17 
               298 -2.979746301453e-17 4.128819435477e-08 3.096506221419e-08 9.864214725470e-01 3.237114531409e-19 -8.031500291951e-19                  0                  0 1.273239544735e+05 -2.931802443847e-17 
               299 -2.979746301455e-17 4.041557941487e-08 3.031062905761e-08 9.864214635212e-01 3.237114599082e-19 -8.031503042398e-19                  0                  0 1.273239544735e+05 -2.931802417021e-17 
               300 -2.979746301455e-17 4.029303184757e-08 3.021872239845e-08 9.864214622366e-01 3.237114609186e-19 -8.031503434388e-19                  0                  0 1.273239544735e+05 -2.931802413203e-17 
               301 -2.979746301456e-17 4.011683512267e-08 3.008658055647e-08 9.864214603860e-01 3.237114623878e-19 -8.031503999145e-19                  0                  0 1.273239544735e+05 -2.931802407703e-17 
               302 -2.979746301456e-17 3.989306625834e-08 2.991876119206e-08 9.864214580294e-01 3.237114642754e-19 -8.031504718512e-19                  0                  0 1.273239544735e+05 -2.931802400699e-17 
               303 -2.979746301591e-17 -5.333738541808e-08 -4.000103066501e-08 9.864204726976e-01 3.237122651663e-19 -8.031805597293e-19                  0                  0 1.273239544735e+05 -2.931799472135e-17 
               304 -2.979746301257e-17 -5.250644557256e-08 -3.937783429396e-08 9.864204719318e-01 3.237122923287e-19 -8.031806063128e-19                  0                  0 1.273239544735e+05 -2.931799469859e-17 
               305 -2.979746301612e-17 -5.234933917491e-08 -3.926000639087e-08 9.864204717896e-01 3.237122929961e-19 -8.031806147571e-19                  0                  0 1.273239544735e+05 -2.931799469436e-17 
               306 -2.979746301613e-17 -5.219420839263e-08 -3.914366035855e-08 9.864204716496e-01 3.237122970407e-19 -8.031806229655e-19                  0                  0 1.273239544735e+05 -2.931799469020e-17 
               307 -2.979746301613e-17 -5.175996996478e-08 -3.881798746054e-08 9.864204712589e-01 3.237123081991e-19 -8.031806457411e-19                  0                  0 1.273239544735e+05 -2.931799467859e-17 
               308 -2.979746301613e-17 -5.134850939521e-08 -3.850939815174e-08 9.864204708917e-01 3.237123183341e-19 -8.031806667929e-19                  0                  0 1.273239544735e+05 -2.931799466768e-17 
               309 -2.979746301618e-17 -4.229123385362e-08 -3.171658662276e-08 9.864204628686e-01 3.237125326229e-19 -8.031811195887e-19                  0                  0 1.273239544735e+05 -2.931799442922e-17 
               310 -2.979746301610e-17 -3.755498159028e-08 -2.816461524174e-08 9.864204594530e-01 3.237125263008e-19 -8.031812146982e-19                  0                  0 1.273239544735e+05 -2.931799432770e-17 
               311 -2.979746301596e-17 -3.696759395195e-08 -2.772410375175e-08 9.864204589865e-01 3.237125264231e-19 -8.031812285455e-19                  0                  0 1.273239544735e+05 -2.931799431384e-17 
               312 -2.979746301620e-17 -3.674572359505e-08 -2.755770884716e-08 9.864204588085e-01 3.237125262136e-19 -8.031812338646e-19                  0                  0 1.273239544735e+05 -2.931799430855e-17 
               313 -2.979746301620e-17 -3.653410661993e-08 -2.739900577342e-08 9.864204586381e-01 3.237125262424e-19 -8.031812389622e-19                  0                  0 1.273239544735e+05 -2.931799430348e-17 
               314 -2.979746301620e-17 -3.642424063146e-08 -2.731661127233e-08 9.864204585492e-01 3.237125262564e-19 -8.031812416218e-19                  0                  0 1.273239544735e+05 -2.931799430084e-17 
               315 -2.979746301620e-17 -3.631099929848e-08 -2.723168544873e-08 9.864204584575e-01 3.237125262774e-19 -8.031812443700e-19                  0                  0 1.273239544735e+05 -2.931799429811e-17 
               316 -2.979746301621e-17 -3.602205577167e-08 -2.701499096106e-08 9.864204582229e-01 3.237125263348e-19 -8.031812513999e-19                  0                  0 1.273239544735e+05 -2.931799429114e-17 
               317 -2.979746301623e-17 -2.772443410251e-08 -2.079215335245e-08 9.864204514524e-01 3.237125282704e-19 -8.031814545925e-19                  0                  0 1.273239544735e+05 -2.931799408991e-17 
               318 -2.979746301624e-17 -2.696115212422e-08 -2.021972691492e-08 9.864204507100e-01 3.237125292868e-19 -8.031814776803e-19                  0                  0 1.273239544735e+05 -2.931799406784e-17 
               319 -2.979746301615e-17 -2.644464683332e-08 -1.983237231002e-08 9.864204501992e-01 3.237125299289e-19 -8.031814934138e-19                  0                  0 1.273239544735e+05 -2.931799405266e-17 
               320 -2.979746301624e-17 -2.636462516488e-08 -1.977235987473e-08 9.864204501191e-01 3.237125299187e-19 -8.031814958789e-19                  0                  0 1.273239544735e+05 -2.931799405028e-17 
               321 -2.979746301624e-17 -2.628596547089e-08 -1.971336876090e-08 9.864204500403e-01 3.237125300007e-19 -8.031814983047e-19                  0                  0 1.273239544735e+05 -2.931799404794e-17 
               322 -2.979746301624e-17 -2.616917736394e-08 -1.962578321241e-08 9.864204499230e-01 3.237125301225e-19 -8.031815019124e-19                  0                  0 1.273239544735e+05 -2.931799404445e-17 
               323 -2.979746301625e-17 -2.539265868447e-08 -1.904343086119e-08 9.864204491413e-01 3.237125309318e-19 -8.031815259600e-19                  0                  0 1.273239544735e+05 -2.931799402122e-17 
               324 -2.979746301625e-17 -2.516891419032e-08 -1.887563299640e-08 9.864204489119e-01 3.237125311615e-19 -8.031815330087e-19                  0                  0 1.273239544735e+05 -2.931799401440e-17 
               325 -2.979746301625e-17 -2.450929375818e-08 -1.838094884341e-08 9.864204482320e-01 3.237125318393e-19 -8.031815538961e-19                  0                  0 1.273239544735e+05 -2.931799399419e-17 
               326 -2.979746301625e-17 -2.440096037923e-08 -1.829970393857e-08 9.864204481186e-01 3.237125319502e-19 -8.031815573804e-19                  0                  0 1.273239544735e+05 -2.931799399082e-17 
               327 -2.979746301625e-17 -2.422693362655e-08 -1.816919207099e-08 9.864204479358e-01 3.237125321290e-19 -8.031815629922e-19                  0                  0 1.273239544735e+05 -2.931799398539e-17 
               328 -2.979746301625e-17 -2.413807918067e-08 -1.810255542982e-08 9.864204478421e-01 3.237125322204e-19 -8.031815658696e-19                  0                  0 1.273239544735e+05 -2.931799398260e-17 
               329 -2.979746301626e-17 -2.307944996586e-08 -1.730863354491e-08 9.864204467230e-01 3.237125333104e-19 -8.031816002265e-19                  0                  0 1.273239544735e+05 -2.931799394934e-17 
               330 -2.979746301626e-17 -2.298479734784e-08 -1.723764852438e-08 9.864204466201e-01 3.237125334089e-19 -8.031816033819e-19                  0                  0 1.273239544735e+05 -2.931799394629e-17 
               331 -2.979746301626e-17 -2.270821924521e-08 -1.703022800449e-08 9.864204463189e-01 3.237125336973e-19 -8.031816126251e-19                  0                  0 1.273239544735e+05 -2.931799393733e-17 
               332 -2.979746301626e-17 -2.263975751146e-08 -1.697888497044e-08 9.864204462438e-01 3.237125337690e-19 -8.031816149298e-19                  0                  0 1.273239544735e+05 -2.931799393510e-17 
               333 -2.979746301626e-17 -2.242039277345e-08 -1.681437175196e-08 9.864204460026e-01 3.237125339993e-19 -8.031816223280e-19                  0                  0 1.273239544735e+05 -2.931799392793e-17 
               334 -2.979746301626e-17 -2.213568833951e-08 -1.660085686304e-08 9.864204456878e-01 3.237125342997e-19 -8.031816319866e-19                  0                  0 1.273239544735e+05 -2.931799391858e-17 
               335 -2.979746301575e-17 2.317134722935e-08 1.737727975501e-08 9.864203951965e-01 3.237125834952e-19 -8.031831813521e-19                  0                  0 1.273239544735e+05 -2.931799241789e-17 
               336 -2.979746301645e-17 2.309668981644e-08 1.732129031441e-08 9.864203951809e-01 3.237125828151e-19 -8.031831818305e-19                  0                  0 1.273239544735e+05 -2.931799241743e-17 
               337 -2.979746301645e-17 2.302728598697e-08 1.726924073225e-08 9.864203951664e-01 3.237125828150e-19 -8.031831822678e-19                  0                  0 1.273239544735e+05 -2.931799241700e-17 
               338 -2.979746301645e-17 2.295760687765e-08 1.721698475101e-08 9.864203951518e-01 3.237125828213e-19 -8.031831827086e-19                  0                  0 1.273239544735e+05 -2.931799241656e-17 
               339 -2.979746301645e-17 2.272833489073e-08 1.704504183378e-08 9.864203951036e-01 3.237125828448e-19 -8.031831841652e-19                  0                  0 1.273239544735e+05 -2.931799241513e-17 
               340 -2.979746301645e-17 2.260656914775e-08 1.695372337060e-08 9.864203950778e-01 3.237125828620e-19 -8.031831849493e-19                  0                  0 1.273239544735e+05 -2.931799241437e-17 
               341 -2.979746301645e-17 2.161401445356e-08 1.620935524688e-08 9.864203948667e-01 3.237125830220e-19 -8.031831913854e-19                  0                  0 1.273239544735e+05 -2.931799240809e-17 
               342 -2.979746301645e-17 2.161401445356e-08 1.620935524688e-08 9.864203948667e-01 3.237125830220e-19 -8.031831913854e-19                  0                  0 1.273239544735e+05 -2.931799240809e-17 
