#              step            E_total                m_x                m_y                m_z             E_exch            E_demag 
#                                    J                                                                           J                  J 
                 0 1.482701968627e-18 9.656099092240e-01 2.414019173212e-01 9.655370277886e-02 2.346691986728e-28 1.482701968392e-18 
                 1 8.237878113434e-19 9.716640366422e-01 2.356924503152e-01 3.152759917692e-03 3.902809613131e-20 7.847597152121e-19 
                 2 2.013492600669e-18 9.720255514022e-01 2.314421980574e-01 1.423820152476e-03 1.173416560075e-18 8.400760405932e-19 
                 3 1.059301245690e-18 9.726396613283e-01 2.310088862173e-01 1.269928981882e-03 2.747178364003e-19 7.845834092896e-19 
                 4 8.201259376047e-19 9.728038554430e-01 2.306980838220e-01 1.199929172034e-03 4.236048741024e-20 7.777654501944e-19 
                 5 7.934098041476e-19 9.728705452144e-01 2.304306747318e-01 1.145759630381e-03 1.818219274513e-20 7.752276114025e-19 
                 6 7.824689249326e-19 9.729101691085e-01 2.302589442984e-01 1.113005924615e-03 8.361260123083e-21 7.741076648095e-19 
                 7 7.806430712096e-19 9.729479518977e-01 2.300847531042e-01 1.080956960262e-03 7.506067963688e-21 7.731370032459e-19 
                 8 7.790909272566e-19 9.729932856920e-01 2.298726876149e-01 1.043223431069e-03 7.025562687727e-21 7.720653645688e-19 
                 9 7.741767767857e-19 9.732725851080e-01 2.285251285116e-01 8.129645339887e-04 8.049185464397e-21 7.661275913213e-19 
                10 7.742701899813e-19 9.734285174168e-01 2.277634110385e-01 7.144798684894e-04 1.005813379469e-20 7.642120561866e-19 
                11 7.780675486297e-19 9.735025320353e-01 2.273951124645e-01 6.720353130107e-04 1.485675610852e-20 7.632107925212e-19 
                12 7.707709136522e-19 9.735307206615e-01 2.272618382695e-01 6.575016329172e-04 7.993953619997e-21 7.627769600322e-19 
                13 7.704457819665e-19 9.735582105153e-01 2.271258695318e-01 6.429998002932e-04 8.047835623004e-21 7.623979463435e-19 
                14 7.701084649856e-19 9.735873965327e-01 2.269812434890e-01 6.278935922959e-04 8.112125186814e-21 7.619963397988e-19 
                15 7.176895552674e-19 9.796180086396e-01 1.833111900601e-01 -3.762145370818e-03 5.176664357205e-20 6.659229116954e-19 
                16 9.363167398755e-19 9.799744768120e-01 1.803061626028e-01 6.267655956571e-04 2.596274821442e-19 6.766892577313e-19 
                17 3.344812052372e-18 9.797325162301e-01 1.797432345381e-01 4.923914342326e-04 2.653384379127e-18 6.914276732449e-19 
                18 7.933410525016e-19 9.801726720802e-01 1.797986677844e-01 4.809781358171e-04 1.293925607213e-19 6.639484917803e-19 
                19 7.245555716705e-19 9.802017815719e-01 1.797407114380e-01 4.685604582921e-04 6.222896986002e-20 6.623266018105e-19 
                20 7.108514449955e-19 9.802176173981e-01 1.796736630256e-01 4.553898258705e-04 4.918535876088e-20 6.616660862346e-19 
                21 7.013222837870e-19 9.802440987846e-01 1.795108453135e-01 4.248371726592e-04 4.045020825471e-20 6.608720755323e-19 
                22 6.991135356604e-19 9.802662308646e-01 1.793379012035e-01 3.949017350719e-04 3.878660302040e-20 6.603269326401e-19 
                23 6.979103355890e-19 9.803017595542e-01 1.790353533058e-01 3.465765927086e-04 3.851404193958e-20 6.593962936495e-19 
                24 6.971622838184e-19 9.803118664270e-01 1.789460965246e-01 3.342938596004e-04 3.801500043934e-20 6.591472833791e-19 
                25 6.968134377485e-19 9.803204033428e-01 1.788693678321e-01 3.241601400897e-04 3.787008569469e-20 6.589433520538e-19 
                26 6.966188729673e-19 9.803270484684e-01 1.788090304738e-01 3.164645052022e-04 3.782964007990e-20 6.587892328873e-19 
                27 6.953373412380e-19 9.803790341707e-01 1.783262040512e-01 2.565516534047e-04 3.772636994989e-20 6.576109712882e-19 
                28 6.938060495016e-19 9.804639799519e-01 1.774940236594e-01 1.753614876996e-04 3.785327955202e-20 6.559527699496e-19 
                29 9.103464908088e-19 9.806990711822e-01 1.744912882355e-01 -1.583611455490e-05 2.569380022119e-19 6.534084885969e-19 
                30 6.931604192116e-19 9.807389577919e-01 1.744425216781e-01 -1.548958866276e-05 4.219869020329e-20 6.509617290083e-19 
                31 6.895313951220e-19 9.807444619670e-01 1.743852443374e-01 -1.509320198111e-05 3.877223681853e-20 6.507591583034e-19 
                32 6.884084261898e-19 9.807514603996e-01 1.742985050190e-01 -1.447777838276e-05 3.783725626016e-20 6.505711699296e-19 
                33 6.881226686724e-19 9.807611632264e-01 1.741716772901e-01 -1.358798777801e-05 3.776563426439e-20 6.503570344080e-19 
                34 6.879251614183e-19 9.807704735139e-01 1.740483190336e-01 -1.278105722737e-05 3.776640640937e-20 6.501587550089e-19 
                35 6.827558438083e-19 9.810655327536e-01 1.695047908140e-01 1.444988195115e-05 3.990505012446e-20 6.428507936838e-19 
                36 6.816218859324e-19 9.810698110100e-01 1.694216918400e-01 1.351209907495e-05 3.899785959028e-20 6.426240263422e-19 
                37 6.811236174075e-19 9.810726940962e-01 1.693636150996e-01 1.292309953843e-05 3.863997891812e-20 6.424836384894e-19 
                38 6.810089591430e-19 9.810752954896e-01 1.693095680475e-01 1.241018062409e-05 3.864644696208e-20 6.423625121809e-19 
                39 6.803440464681e-19 9.810963351552e-01 1.688580395043e-01 8.367280960578e-06 3.894799503588e-20 6.413960514322e-19 
                40 6.799681227968e-19 9.811071346360e-01 1.686172321381e-01 7.185507678480e-06 3.898010399351e-20 6.409880188033e-19 
                41 6.788342312146e-19 9.811493074381e-01 1.676080523074e-01 2.726295090368e-06 3.972272866612e-20 6.391115025485e-19 
                42 6.785203445823e-19 9.811517662597e-01 1.675454558675e-01 2.660395732992e-06 3.952117864398e-20 6.389991659383e-19 
                43 6.784204113386e-19 9.811541839177e-01 1.674823829766e-01 2.596210572817e-06 3.953330686756e-20 6.388871044710e-19 
                44 6.783433272577e-19 9.811563075207e-01 1.674264495269e-01 2.540832319871e-06 3.955589308203e-20 6.387874341757e-19 
                45 6.753590194243e-19 9.812351280891e-01 1.650310483910e-01 2.233456119732e-07 4.081561100580e-20 6.345434084185e-19 
                46 6.750496439207e-19 9.812395182135e-01 1.648575541050e-01 2.122922320251e-07 4.084001439689e-20 6.342096295238e-19 
                47 6.750028187632e-19 9.812432728211e-01 1.647010261962e-01 2.003170834344e-07 4.107406966794e-20 6.339287490953e-19 
                48 6.746917241347e-19 9.812445879056e-01 1.646467112429e-01 2.001538633303e-07 4.086355085513e-20 6.338281732795e-19 
                49 6.746126923989e-19 9.812459102841e-01 1.645897845074e-01 1.994665304934e-07 4.088676602159e-20 6.337259263773e-19 
                50 6.745390408689e-19 9.812472100183e-01 1.645330652762e-01 1.984056915444e-07 4.091468287200e-20 6.336243579969e-19 
                51 6.667258513032e-19 9.813089631195e-01 1.577750806366e-01 3.830506042143e-08 4.497087861133e-20 6.217549726919e-19 
                52 6.667683669598e-19 9.813067677318e-01 1.576111629255e-01 -5.931265151790e-08 4.529337950544e-20 6.214749874544e-19 
                53 6.662173719811e-19 9.813057636019e-01 1.575313380475e-01 -9.000202313931e-08 4.489886832879e-20 6.213185036523e-19 
                54 6.659817765842e-19 9.813050675379e-01 1.574811141937e-01 -1.083108130185e-07 4.475570415118e-20 6.212260724330e-19 
                55 6.659190557574e-19 9.813043517263e-01 1.574322671627e-01 -1.242770454516e-07 4.478135883834e-20 6.211376969191e-19 
                56 6.658682963410e-19 9.813037071998e-01 1.573891088939e-01 -1.368493269385e-07 4.480861578077e-20 6.210596805602e-19 
                57 6.577339228851e-19 9.810624585622e-01 1.496309190435e-01 -2.162021032681e-06 5.034437758341e-20 6.073895453017e-19 
                58 6.600904101470e-19 9.810215189915e-01 1.489832014312e-01 1.510867651428e-06 5.358822943888e-20 6.065021807081e-19 
                59 6.635413049139e-19 9.810103335128e-01 1.488216208774e-01 1.201329759654e-06 5.720037507143e-20 6.063409298425e-19 
                60 6.572875177575e-19 9.810080173768e-01 1.487611650733e-01 1.040109200204e-06 5.124397310665e-20 6.060435446509e-19 
                61 6.566634342875e-19 9.810046412266e-01 1.487090083604e-01 9.592645954883e-07 5.073124665439e-20 6.059321876331e-19 
                62 6.564387931893e-19 9.810023436579e-01 1.486742436038e-01 9.155506436303e-07 5.057506220686e-20 6.058637309824e-19 
                63 6.563953536007e-19 9.809997787892e-01 1.486360537672e-01 8.722333633012e-07 5.060369975177e-20 6.057916538489e-19 
                64 6.563001682789e-19 9.809939003822e-01 1.485490618793e-01 7.833042728307e-07 5.067075988699e-20 6.056294083919e-19 
                65 6.529335270971e-19 9.807040852521e-01 1.447767491480e-01 -2.260358654460e-06 5.407988586665e-20 5.988536412305e-19 
                66 6.530085567634e-19 9.806803648835e-01 1.445279610002e-01 -7.130966790327e-07 5.443863451086e-20 5.985699222525e-19 
                67 6.562832871274e-19 9.806682925321e-01 1.444098319187e-01 -6.062277725445e-07 5.785691463055e-20 5.984263724968e-19 
                68 6.521626605038e-19 9.806657709056e-01 1.443780377907e-01 -6.010627573738e-07 5.384358405116e-20 5.983190764526e-19 
                69 6.520727373499e-19 9.806627659188e-01 1.443476165169e-01 -5.919674950641e-07 5.381160291929e-20 5.982611344306e-19 
                70 6.520219888394e-19 9.806590374530e-01 1.443101313237e-01 -5.788226236529e-07 5.382882916817e-20 5.981931596712e-19 
                71 6.518175624182e-19 9.806382549464e-01 1.441030231152e-01 -5.021797715711e-07 5.398995677721e-20 5.978276056410e-19 
                72 6.517377671737e-19 9.806313331526e-01 1.440349729869e-01 -4.798863653174e-07 5.402565205390e-20 5.977121151198e-19 
                73 6.515129598013e-19 9.806081050387e-01 1.438088852513e-01 -4.305237807179e-07 5.419913818144e-20 5.973138216199e-19 
                74 6.514595579913e-19 9.806027357201e-01 1.437573656227e-01 -4.207223744773e-07 5.423661291231e-20 5.972229450790e-19 
                75 6.512023814173e-19 9.805686036106e-01 1.434334921112e-01 -3.624464649637e-07 5.455242425993e-20 5.966499571574e-19 
                76 6.511066926434e-19 9.805654473057e-01 1.434040173816e-01 -3.570230962111e-07 5.451011841028e-20 5.965965742331e-19 
                77 6.510715178221e-19 9.805616587003e-01 1.433688360880e-01 -3.503445373133e-07 5.453774841007e-20 5.965337694120e-19 
                78 6.510270160271e-19 9.805568339475e-01 1.433241715623e-01 -3.416980823646e-07 5.457288128579e-20 5.964541347413e-19 
                79 6.339213099278e-19 9.757288370162e-01 1.158121935830e-01 4.945636327396e-06 8.118138541332e-20 5.527399245145e-19 
                80 7.982667763441e-19 9.756401482931e-01 1.157917555300e-01 5.036929101194e-06 2.431697858463e-19 5.550969904978e-19 
                81 6.396966433173e-19 9.756625842272e-01 1.157994057226e-01 4.834025110771e-06 8.651076214390e-20 5.531858811734e-19 
                82 6.341409229619e-19 9.756608247132e-01 1.157991431947e-01 4.694520298444e-06 8.108504742409e-20 5.530558755378e-19 
                83 6.333375437804e-19 9.756573605916e-01 1.157985102134e-01 4.543017823251e-06 8.032015258125e-20 5.530173911991e-19 
                84 6.331731966194e-19 9.756512511359e-01 1.157974197134e-01 4.313146606425e-06 8.017094059698e-20 5.530022560224e-19 
                85 6.331607160812e-19 9.756447813175e-01 1.157962946287e-01 4.090569131421e-06 8.015872425224e-20 5.530019918290e-19 
                86 6.331499999192e-19 9.756387471633e-01 1.157952592068e-01 3.891525627369e-06 8.014767068236e-20 5.530023292369e-19 
                87 6.330555834517e-19 9.755415967001e-01 1.157787737915e-01 8.392251324066e-07 8.004063761680e-20 5.530149458349e-19 
                88 6.329893388132e-19 9.755380334843e-01 1.157783019080e-01 8.074098677331e-07 7.997326815296e-20 5.530160706602e-19 
                89 6.329814455226e-19 9.755348277368e-01 1.157778812127e-01 7.804503517466e-07 7.996442441332e-20 5.530170211093e-19 
                90 6.329757659412e-19 9.755316286656e-01 1.157774661971e-01 7.547630649764e-07 7.995823171355e-20 5.530175342276e-19 
                91 6.328491692205e-19 9.754213828062e-01 1.157632728730e-01 -8.946499954003e-08 7.982395584317e-20 5.530252133773e-19 
                92 6.327854651981e-19 9.754036401322e-01 1.157619310794e-01 -4.235324566752e-08 7.982903163019e-20 5.529564335679e-19 
                93 6.327659834004e-19 9.753832385467e-01 1.157606052300e-01 -3.879822607789e-08 7.984291883174e-20 5.529230645687e-19 
                94 6.327501518934e-19 9.753793421012e-01 1.157603888679e-01 -3.121015830715e-08 7.983076928275e-20 5.529193826106e-19 
                95 6.327438712338e-19 9.753754810307e-01 1.157601779313e-01 -2.586138312665e-08 7.982854919123e-20 5.529153220426e-19 
                96 6.327392054768e-19 9.753722189403e-01 1.157600036288e-01 -2.253278813409e-08 7.982753946086e-20 5.529116660160e-19 
                97 6.325790610385e-19 9.752471893983e-01 1.157533575739e-01 7.851013368962e-08 7.981029306427e-20 5.527687679742e-19 
                98 6.325554404451e-19 9.752348544829e-01 1.157532639657e-01 1.610563025090e-08 7.981301790926e-20 5.527424225359e-19 
                99 6.325515078760e-19 9.752201394843e-01 1.157532968527e-01 1.237369336241e-08 7.982672484374e-20 5.527247830323e-19 
               100 6.325302555249e-19 9.752168007789e-01 1.157533222747e-01 1.008707589100e-08 7.981115856346e-20 5.527190969615e-19 
               101 6.325255382590e-19 9.752132571357e-01 1.157533540650e-01 8.254723592281e-09 7.981207350412e-20 5.527134647549e-19 
               102 6.325205866573e-19 9.752094084268e-01 1.157533947640e-01 6.724384605405e-09 7.981310876802e-20 5.527074778893e-19 
               103 6.319018103978e-19 9.746063849666e-01 1.157577872720e-01 -1.765333310016e-07 8.008920911668e-20 5.518126012811e-19 
               104 6.318525031980e-19 9.745929100087e-01 1.157612732033e-01 -5.715903065921e-08 8.005263443967e-20 5.517998687583e-19 
               105 6.318455721192e-19 9.745847363635e-01 1.157633009857e-01 -5.328037925541e-08 8.007695262408e-20 5.517686194952e-19 
               106 6.317927148198e-19 9.745811652716e-01 1.157642073266e-01 -4.644762279460e-08 8.003352277703e-20 5.517591920428e-19 
               107 6.317884827707e-19 9.745778454907e-01 1.157650483712e-01 -4.080289869274e-08 8.003752642940e-20 5.517509563413e-19 
               108 6.317850743381e-19 9.745745293872e-01 1.157658905700e-01 -3.575252441027e-08 8.004226294412e-20 5.517428113940e-19 
               109 6.315578195333e-19 9.742645716224e-01 1.158435996580e-01 3.829934951102e-07 8.055385717626e-20 5.510039623571e-19 
               110 6.315768959558e-19 9.742425304063e-01 1.158506526441e-01 1.032805954697e-07 8.059472020845e-20 5.509821757473e-19 
               111 6.315258733987e-19 9.742326321711e-01 1.158539818450e-01 5.398814877321e-08 8.056764750152e-20 5.509582258972e-19 
               112 6.314702455764e-19 9.742270936671e-01 1.158559021229e-01 3.876503735854e-08 8.052561008686e-20 5.509446354895e-19 
               113 6.314636590332e-19 9.742216735637e-01 1.158577871566e-01 2.744252307396e-08 8.053046127240e-20 5.509331977608e-19 
               114 6.314596523635e-19 9.742184036647e-01 1.158589331317e-01 2.210982151412e-08 8.053349171031e-20 5.509261606532e-19 
               115 6.314502545779e-19 9.742087027176e-01 1.158623465153e-01 8.430639111934e-09 8.054498686383e-20 5.509052677140e-19 
               116 6.314326547733e-19 9.741891851118e-01 1.158692967691e-01 -7.826094053092e-09 8.056971491271e-20 5.508629398605e-19 
               117 6.326359702841e-19 9.739039453511e-01 1.159719897267e-01 -2.958156376242e-08 8.237528850259e-20 5.502606817815e-19 
               118 6.312095536661e-19 9.739010288227e-01 1.159735165170e-01 -1.969907695230e-08 8.097016274590e-20 5.502393909202e-19 
               119 6.312028628376e-19 9.738979507429e-01 1.159749511840e-01 -1.141273422501e-08 8.097056813232e-20 5.502322947053e-19 
               120 6.311977103011e-19 9.738940612803e-01 1.159767614492e-01 -2.480534497311e-09 8.097434987355e-20 5.502233604276e-19 
               121 6.311563591656e-19 9.738512141869e-01 1.159966455382e-01 7.709096487840e-08 8.102945887390e-20 5.501269002917e-19 
               122 6.311416804610e-19 9.738206986546e-01 1.160107076485e-01 8.903755774983e-09 8.107948160416e-20 5.500621988568e-19 
               123 6.314018103535e-19 9.737887466847e-01 1.160256441935e-01 -2.072731483349e-09 8.140372995332e-20 5.499980804002e-19 
               124 6.311092345015e-19 9.737841766073e-01 1.160278885185e-01 -4.146153456612e-09 8.112731054530e-20 5.499819239562e-19 
               125 6.311016571050e-19 9.737796215407e-01 1.160300741673e-01 -4.620098381849e-09 8.112948129275e-20 5.499721758122e-19 
               126 6.310979956114e-19 9.737752069067e-01 1.160321966225e-01 -4.704861785103e-09 8.113532051307e-20 5.499626750983e-19 
               127 6.310805966146e-19 9.737502468677e-01 1.160442161989e-01 -4.589150611184e-09 8.117169640771e-20 5.499089002069e-19 
               128 6.310766099625e-19 9.737466987647e-01 1.160459486193e-01 -4.415139717994e-09 8.117547897714e-20 5.499011309853e-19 
               129 6.310721308784e-19 9.737407804435e-01 1.160488434623e-01 -4.203024100237e-09 8.118389430584e-20 5.498882365725e-19 
               130 6.310694864647e-19 9.737372814500e-01 1.160505605266e-01 -4.101016720020e-09 8.118884492967e-20 5.498806415351e-19 
               131 6.309931647535e-19 9.736323613381e-01 1.161019849004e-01 -8.646479023178e-10 8.133929192745e-20 5.496538728260e-19 
               132 6.309888135838e-19 9.736269125908e-01 1.161048131365e-01 -4.947535776990e-10 8.134645919152e-20 5.496423543923e-19 
               133 6.309843113069e-19 9.736203254527e-01 1.161082405197e-01 -1.854277422007e-10 8.135602085741e-20 5.496282904495e-19 
               134 6.309812693891e-19 9.736173252513e-01 1.161098067217e-01 -9.930419887438e-11 8.135942940205e-20 5.496218399871e-19 
               135 6.309764630761e-19 9.736106550553e-01 1.161132932174e-01 6.370737099299e-11 8.136894955629e-20 5.496075135199e-19 
               136 6.308823042320e-19 9.734778843335e-01 1.161826620301e-01 2.296427624428e-09 8.155910197943e-20 5.493232022526e-19 
               137 6.869649345542e-19 9.677205709978e-01 1.189525254971e-01 -3.898406384050e-07 1.476138706157e-19 5.393510639385e-19 
               138 6.293538796938e-19 9.677288536766e-01 1.189593950801e-01 -3.390627715678e-07 9.057160563806e-20 5.387822740558e-19 
               139 6.291664340199e-19 9.677283553757e-01 1.189640235399e-01 -3.006252141028e-07 9.037553549777e-20 5.387908985222e-19 
               140 6.291180107055e-19 9.677277276840e-01 1.189693928661e-01 -2.641860267274e-07 9.031718728928e-20 5.388008234162e-19 
               141 6.290931411130e-19 9.677262026237e-01 1.189820605045e-01 -1.946948717727e-07 9.027244910456e-20 5.388206920084e-19 
               142 6.290920060031e-19 9.677246737815e-01 1.189945931101e-01 -1.531827799406e-07 9.026046986414e-20 5.388315361390e-19 
               143 6.290864116150e-19 9.677148008439e-01 1.190752449697e-01 5.286038644836e-08 9.019165189941e-20 5.388947597155e-19 
               144 6.290856780286e-19 9.677120801257e-01 1.190971339533e-01 3.393760836073e-08 9.018484917826e-20 5.389008288503e-19 
               145 6.290871524144e-19 9.677101510219e-01 1.191126323678e-01 2.728104271268e-08 9.018173780267e-20 5.389054146117e-19 
               146 6.290835826073e-19 9.677095227774e-01 1.191176805580e-01 2.543139972082e-08 9.017679005945e-20 5.389067925479e-19 
               147 6.290831901627e-19 9.677088987292e-01 1.191226891583e-01 2.372826854392e-08 9.017497590221e-20 5.389082142605e-19 
               148 6.290828820546e-19 9.677082843811e-01 1.191276182252e-01 2.217158247031e-08 9.017327980015e-20 5.389096022545e-19 
               149 6.290641343925e-19 9.676664521638e-01 1.194622229286e-01 -7.610860594196e-08 9.006092583013e-20 5.390032085623e-19 
               150 6.290695838283e-19 9.676621516723e-01 1.194959727858e-01 -3.612802656018e-08 9.006602731987e-20 5.390035565085e-19 
               151 6.290648171540e-19 9.676610985888e-01 1.195042445113e-01 -3.182899165792e-08 9.006194622703e-20 5.390028709269e-19 
               152 6.290615386338e-19 9.676604762931e-01 1.195091328561e-01 -2.968220214824e-08 9.005903683392e-20 5.390025017999e-19 
               153 6.290612159151e-19 9.676598999971e-01 1.195136563717e-01 -2.783348990547e-08 9.005904842704e-20 5.390021674881e-19 
               154 6.290610012446e-19 9.676593532502e-01 1.195179480489e-01 -2.619028620185e-08 9.005914713268e-20 5.390018541119e-19 
               155 6.290474236781e-19 9.676216473290e-01 1.198133208201e-01 8.012319369685e-08 9.006646963103e-20 5.389809540471e-19 
               156 6.290479339999e-19 9.676190315681e-01 1.198339313649e-01 5.505913410870e-08 9.006712103443e-20 5.389808129654e-19 
               157 6.290464290260e-19 9.676179252318e-01 1.198426516403e-01 4.742499754881e-08 9.006607978407e-20 5.389803492419e-19 
               158 6.290456142494e-19 9.676172405241e-01 1.198480489461e-01 4.334247557097e-08 9.006556289946e-20 5.389800513499e-19 
               159 6.290453454099e-19 9.676165068494e-01 1.198538317423e-01 3.938632833962e-08 9.006555785512e-20 5.389797875548e-19 
               160 6.290451698215e-19 9.676160064390e-01 1.198577762105e-01 3.695733860540e-08 9.006555394626e-20 5.389796158752e-19 
               161 6.290424327049e-19 9.676078443051e-01 1.199220900722e-01 3.777728428143e-13 9.006552920182e-20 5.389769035031e-19 
               162 6.290386334834e-19 9.675953091401e-01 1.200208906156e-01 5.199029092582e-09 9.006452956364e-20 5.389741039198e-19 
               163 6.339955735369e-19 9.675233472228e-01 1.205797906238e-01 -9.266984496549e-08 9.502415633309e-20 5.389714172038e-19 
               164 6.290876040360e-19 9.675237007842e-01 1.205834288782e-01 -7.506774654983e-08 9.016282962985e-20 5.389247744062e-19 
               165 6.290325366141e-19 9.675232860945e-01 1.205868648376e-01 -6.176699490984e-08 9.010502571694e-20 5.389275108971e-19 
               166 6.290194738493e-19 9.675226560179e-01 1.205919258431e-01 -4.661320856183e-08 9.008823434487e-20 5.389312395045e-19 
               167 6.290173691867e-19 9.675218032753e-01 1.205987204580e-01 -3.296846926998e-08 9.008308190485e-20 5.389342872818e-19 
               168 6.290167706420e-19 9.675206239733e-01 1.206080923137e-01 -2.200067644473e-08 9.008097691306e-20 5.389357937289e-19 
               169 6.290162280366e-19 9.675184306623e-01 1.206255011724e-01 -1.165468702633e-08 9.008074632727e-20 5.389354817093e-19 
               170 6.290160422610e-19 9.675178119446e-01 1.206304101742e-01 -1.050845071422e-08 9.008098165391e-20 5.389350606071e-19 
               171 6.290157557530e-19 9.675166201884e-01 1.206398654663e-01 -8.385700667324e-09 9.008145934873e-20 5.389342964043e-19 
               172 6.290156275683e-19 9.675161937557e-01 1.206432489078e-01 -7.730206101806e-09 9.008158686407e-20 5.389340407042e-19 
               173 6.290152629900e-19 9.675147378554e-01 1.206547997389e-01 -5.658743192490e-09 9.008209744912e-20 5.389331655409e-19 
               174 6.290146167478e-19 9.675121342106e-01 1.206754550604e-01 -2.911745915666e-09 9.008304526465e-20 5.389315714831e-19 
               175 6.293087368636e-19 9.673178072767e-01 1.222033118434e-01 1.011718862713e-07 9.049011239839e-20 5.388186244652e-19 
               176 6.289786891002e-19 9.673175734405e-01 1.222056157927e-01 9.290240585653e-08 9.016378140963e-20 5.388149076906e-19 
               177 6.289776316387e-19 9.673172978667e-01 1.222078344473e-01 8.558394811217e-08 9.016311701819e-20 5.388145146205e-19 
               178 6.289774697504e-19 9.673169815651e-01 1.222103792455e-01 7.786677908278e-08 9.016337127722e-20 5.388140984732e-19 
               179 6.289773201251e-19 9.673162962776e-01 1.222158922696e-01 6.268472631604e-08 9.016402288777e-20 5.388132972374e-19 
               180 6.289772158559e-19 9.673157366614e-01 1.222203943670e-01 5.274147309950e-08 9.016438346473e-20 5.388128323911e-19 
               181 6.289764763878e-19 9.673104660616e-01 1.222627828615e-01 -2.589823802727e-08 9.016673438555e-20 5.388097420022e-19 
               182 6.289763538861e-19 9.673083265809e-01 1.222799657726e-01 -9.363138120785e-09 9.016430515575e-20 5.388120487304e-19 
               183 6.289770659047e-19 9.673068349318e-01 1.222919078277e-01 -5.192720859202e-09 9.016410672444e-20 5.388129591802e-19 
               184 6.289759510693e-19 9.673064083169e-01 1.222953194050e-01 -4.540501537556e-09 9.016298696404e-20 5.388129641053e-19 
               185 6.289758711053e-19 9.673059907254e-01 1.222986560001e-01 -3.972026813105e-09 9.016278550805e-20 5.388130855973e-19 
               186 6.289758262878e-19 9.673057156785e-01 1.223008527446e-01 -3.643256296105e-09 9.016266447353e-20 5.388131618142e-19 
               187 6.289757265345e-19 9.673049412625e-01 1.223070360176e-01 -2.792967858767e-09 9.016236130786e-20 5.388133652266e-19 
               188 6.289755761086e-19 9.673037673058e-01 1.223164021225e-01 -1.800646888876e-09 9.016194998139e-20 5.388136261272e-19 
               189 6.290139802107e-19 9.671365056951e-01 1.236411466396e-01 8.932635880497e-08 9.016780181270e-20 5.388461783980e-19 
               190 6.289601059961e-19 9.671362955935e-01 1.236425384235e-01 8.134885841601e-08 9.011607044979e-20 5.388440355463e-19 
               191 6.289593769795e-19 9.671360965961e-01 1.236438062846e-01 7.471750122267e-08 9.011675697803e-20 5.388426200015e-19 
               192 6.289593196423e-19 9.671358939094e-01 1.236450980040e-01 6.850649808776e-08 9.011807906545e-20 5.388412405769e-19 
               193 6.289591334397e-19 9.671348940387e-01 1.236514748914e-01 4.036794394140e-08 9.012440871409e-20 5.388347247256e-19 
               194 6.289590460739e-19 9.671342126316e-01 1.236558378160e-01 2.895132875897e-08 9.012781874700e-20 5.388312273269e-19 
               195 6.289589914352e-19 9.671330946750e-01 1.236630091092e-01 1.542323392557e-08 9.013268511216e-20 5.388263063231e-19 
               196 6.289588861041e-19 9.671327886197e-01 1.236649771035e-01 1.341356725990e-08 9.013369103674e-20 5.388251950674e-19 
               197 6.289588550745e-19 9.671324524781e-01 1.236671394367e-01 1.148731567870e-08 9.013479891037e-20 5.388240561641e-19 
               198 6.289588278256e-19 9.671321379257e-01 1.236691637373e-01 9.935720181668e-09 9.013578172087e-20 5.388230461047e-19 
               199 6.289580811084e-19 9.671189711343e-01 1.237538910769e-01 -4.650990132443e-08 9.017530519865e-20 5.387827759097e-19 
               200 6.289597245523e-19 9.671170412668e-01 1.237664866602e-01 -7.140787327255e-09 9.017107310302e-20 5.387886514493e-19 
               201 6.289583246577e-19 9.671167599523e-01 1.237683094862e-01 -6.217223598691e-09 9.016934394089e-20 5.387889807168e-19 
               202 6.289578445597e-19 9.671165731658e-01 1.237695185349e-01 -5.678508772417e-09 9.016865066076e-20 5.387891938989e-19 
               203 6.289578324721e-19 9.671163868055e-01 1.237707238379e-01 -5.185002668585e-09 9.016843013328e-20 5.387894023388e-19 
               204 6.289578180315e-19 9.671161569627e-01 1.237722097591e-01 -4.625950354568e-09 9.016816885899e-20 5.387896491726e-19 
               205 6.289563132465e-19 9.670786165729e-01 1.240145471437e-01 7.740181486846e-08 9.012818795300e-20 5.388281252935e-19 
               206 6.289565479750e-19 9.670739049773e-01 1.240424621005e-01 -9.334621560976e-08 9.016437520983e-20 5.387921727652e-19 
               207 6.289995174966e-19 9.670719194873e-01 1.240545433538e-01 -7.944470979783e-09 9.020519609605e-20 5.387943214006e-19 
               208 6.289560961154e-19 9.670717074781e-01 1.240558824248e-01 -6.899677494688e-09 9.016231324630e-20 5.387937828691e-19 
               209 6.289555411177e-19 9.670714912806e-01 1.240571922013e-01 -6.145477754808e-09 9.016185083079e-20 5.387936902869e-19 
               210 6.289554814516e-19 9.670713219957e-01 1.240582169970e-01 -5.669632109888e-09 9.016190771726e-20 5.387935737343e-19 
               211 6.289554708891e-19 9.670711367038e-01 1.240593383989e-01 -5.208700588624e-09 9.016204249833e-20 5.387934283908e-19 
               212 6.289554521151e-19 9.670707646823e-01 1.240615894340e-01 -4.382882775543e-09 9.016233732100e-20 5.387931147941e-19 
               213 6.289551460085e-19 9.670640815770e-01 1.241020070431e-01 7.638868185466e-09 9.016803281083e-20 5.387871131977e-19 
               214 6.289551384961e-19 9.670623372316e-01 1.241124954030e-01 1.937664874791e-09 9.016926145740e-20 5.387858770387e-19 
               215 6.289563773161e-19 9.670614018760e-01 1.241181122918e-01 1.281987129051e-09 9.017076168438e-20 5.387856156317e-19 
               216 6.289550316887e-19 9.670612342152e-01 1.241191195519e-01 1.121754249802e-09 9.016954105045e-20 5.387854906383e-19 
               217 6.289550116800e-19 9.670610697377e-01 1.241201062748e-01 1.012386363204e-09 9.016960852109e-20 5.387854031590e-19 
               218 6.289549999078e-19 9.670608526870e-01 1.241214081665e-01 9.028616510345e-10 9.016969590723e-20 5.387853040005e-19 
               219 6.289549507490e-19 9.670596990113e-01 1.241283263128e-01 4.639968081554e-10 9.017010990289e-20 5.387848408461e-19 
               220 6.289549333089e-19 9.670593331479e-01 1.241305174838e-01 4.427980303773e-10 9.017019596802e-20 5.387847373409e-19 
               221 6.289548506509e-19 9.670573775654e-01 1.241422236718e-01 7.792026902490e-11 9.017083886281e-20 5.387840117881e-19 
               222 6.289548384586e-19 9.670571351471e-01 1.241436715496e-01 7.778752301973e-11 9.017091495488e-20 5.387839235037e-19 
               223 6.289548135350e-19 9.670565124218e-01 1.241473897657e-01 7.710425048508e-11 9.017111095436e-20 5.387837025806e-19 
               224 6.289548044201e-19 9.670563488621e-01 1.241483656461e-01 7.422413709370e-11 9.017116018360e-20 5.387836442365e-19 
               225 6.289547864683e-19 9.670559296304e-01 1.241508664894e-01 6.578655958088e-11 9.017129298525e-20 5.387834934830e-19 
               226 6.289547725163e-19 9.670556031695e-01 1.241528129599e-01 5.860746880796e-11 9.017139796545e-20 5.387833745509e-19 
               227 6.289531396322e-19 9.669778204273e-01 1.246156488398e-01 -1.385547321710e-09 9.019766100184e-20 5.387554786304e-19 
               228 6.289521206664e-19 9.669776463074e-01 1.246165674904e-01 -1.265850185482e-09 9.019673902191e-20 5.387553816445e-19 
               229 6.289519272596e-19 9.669775214414e-01 1.246172256713e-01 -1.191694745723e-09 9.019661366330e-20 5.387553135963e-19 
               230 6.289519237583e-19 9.669773969299e-01 1.246178817217e-01 -1.123751055642e-09 9.019667698134e-20 5.387552467770e-19 
               231 6.289511022915e-19 9.669418910532e-01 1.248048169147e-01 1.680346162058e-08 9.021499966252e-20 5.387361026290e-19 
               232 6.289512290303e-19 9.669412968827e-01 1.248077902018e-01 1.028212185129e-08 9.021608222008e-20 5.387351468102e-19 
               233 6.289510206337e-19 9.669410790504e-01 1.248088812370e-01 9.461175533335e-09 9.021587056270e-20 5.387351500710e-19 
               234 6.289510103600e-19 9.669408858684e-01 1.248098480094e-01 8.610806303582e-09 9.021594728508e-20 5.387350630749e-19 
               235 6.289510026725e-19 9.669406280923e-01 1.248111376715e-01 7.518154741371e-09 9.021607125077e-20 5.387349314217e-19 
               236 6.289509982925e-19 9.669404825626e-01 1.248118655042e-01 6.962702856659e-09 9.021615124947e-20 5.387348470431e-19 
               237 6.289509689380e-19 9.669393959459e-01 1.248172988746e-01 3.115586469812e-09 9.021674924673e-20 5.387342196912e-19 
               238 6.289509565670e-19 9.669388207781e-01 1.248201709482e-01 2.214383791627e-09 9.021707783168e-20 5.387338787353e-19 
               239 6.289510872560e-19 9.669375830435e-01 1.248263466837e-01 9.890206131764e-10 9.021788653051e-20 5.387332007255e-19 
               240 6.289509221832e-19 9.669374560234e-01 1.248269795321e-01 9.210501988097e-10 9.021781417306e-20 5.387331080101e-19 
               241 6.289509189763e-19 9.669373285001e-01 1.248276146508e-01 8.622701488395e-10 9.021789021379e-20 5.387330287625e-19 
               242 6.289509163306e-19 9.669372132329e-01 1.248281886351e-01 8.153819732098e-10 9.021795846616e-20 5.387329578644e-19 
               243 6.289506172096e-19 9.669221966481e-01 1.249029353563e-01 -4.734148854670e-09 9.022682590976e-20 5.387237912998e-19 
               244 6.289507586246e-19 9.669210088209e-01 1.249087264975e-01 -2.268402441600e-10 9.022727378840e-20 5.387234848363e-19 
               245 6.289507788429e-19 9.669207619682e-01 1.249099270005e-01 -1.165140511846e-09 9.022771294192e-20 5.387230659010e-19 
               246 6.289505778932e-19 9.669206517001e-01 1.249104635305e-01 -1.214195752958e-09 9.022762912182e-20 5.387229487714e-19 
               247 6.289505711711e-19 9.669205503591e-01 1.249109564738e-01 -1.224030820524e-09 9.022770909920e-20 5.387228620719e-19 
               248 6.289505683862e-19 9.669204421674e-01 1.249114827003e-01 -1.212844286554e-09 9.022778857362e-20 5.387227798126e-19 
               249 6.289505475919e-19 9.669194126128e-01 1.249164896910e-01 -9.639187530552e-10 9.022848416292e-20 5.387220634290e-19 
               250 6.289505411306e-19 9.669191599515e-01 1.249177170964e-01 -7.011531853145e-10 9.022855288781e-20 5.387219882428e-19 
               251 6.289505323185e-19 9.669186998760e-01 1.249199509523e-01 -5.056042397747e-10 9.022877487862e-20 5.387217574399e-19 
               252 6.289505282010e-19 9.669185375560e-01 1.249207385540e-01 -4.825806097379e-10 9.022885720625e-20 5.387216709948e-19 
               253 6.289505201116e-19 9.669181203433e-01 1.249227624422e-01 -4.155121111462e-10 9.022907629303e-20 5.387214438186e-19 
               254 6.289505177291e-19 9.669180171634e-01 1.249232626755e-01 -3.978030598920e-10 9.022912845522e-20 5.387213892738e-19 
               255 6.289505100053e-19 9.669176277698e-01 1.249251502292e-01 -3.350065730060e-10 9.022932699183e-20 5.387211830135e-19 
               256 6.289505063370e-19 9.669174420892e-01 1.249260497991e-01 -3.113499957736e-10 9.022942209005e-20 5.387210842470e-19 
               257 6.289504163039e-19 9.669099126866e-01 1.249625136150e-01 5.793256618560e-10 9.023333217198e-20 5.387170841320e-19 
               258 6.289503628641e-19 9.669098084427e-01 1.249630128931e-01 5.531779011851e-10 9.023333750151e-20 5.387170253626e-19 
               259 6.289503603760e-19 9.669097131902e-01 1.249634690026e-01 5.301358876458e-10 9.023338818572e-20 5.387169721903e-19 
               260 6.289503586187e-19 9.669096191221e-01 1.249639193766e-01 5.081871463446e-10 9.023343924330e-20 5.387169193754e-19 
               261 6.289498346947e-19 9.668735029403e-01 1.251367134443e-01 -7.599020266128e-09 9.025326336682e-20 5.386965713279e-19 
               262 6.289506598462e-19 9.668725076878e-01 1.251411723030e-01 -3.735852267158e-09 9.025639924466e-20 5.386942606016e-19 
               263 6.289498139586e-19 9.668723762142e-01 1.251417633113e-01 -3.261386293686e-09 9.025573813200e-20 5.386940758266e-19 
               264 6.289497684780e-19 9.668722682170e-01 1.251422481523e-01 -2.986256970743e-09 9.025580202860e-20 5.386939664494e-19 
               265 6.289497653371e-19 9.668721568569e-01 1.251427479624e-01 -2.757061500450e-09 9.025592829666e-20 5.386938370404e-19 
               266 6.289497619540e-19 9.668720263579e-01 1.251433336218e-01 -2.530629066457e-09 9.025607887176e-20 5.386936830822e-19 
               267 6.289497120152e-19 9.668689482770e-01 1.251571454183e-01 2.025435046275e-09 9.025963191186e-20 5.386900801034e-19 
               268 6.289497547376e-19 9.668686208134e-01 1.251586123898e-01 1.168677183180e-09 9.025985827876e-20 5.386898964589e-19 
               269 6.289497018414e-19 9.668685326784e-01 1.251590071420e-01 1.144910458929e-09 9.025981114395e-20 5.386898906975e-19 
               270 6.289496988515e-19 9.668684585826e-01 1.251593388981e-01 1.114432608683e-09 9.025981793458e-20 5.386898809169e-19 
               271 6.289496975329e-19 9.668683644401e-01 1.251597603258e-01 1.069494197597e-09 9.025983275714e-20 5.386898647758e-19 
               272 6.289496937284e-19 9.668680873086e-01 1.251610005988e-01 9.239269395250e-10 9.025988749004e-20 5.386898062384e-19 
               273 6.289494793550e-19 9.668497649192e-01 1.252429237926e-01 -9.586845905733e-09 9.026516016145e-20 5.386843191936e-19 
               274 6.289496355751e-19 9.668478692798e-01 1.252510214379e-01 5.386380897247e-09 9.027090483327e-20 5.386787307418e-19 
               275 6.289507537093e-19 9.668475483250e-01 1.252523971880e-01 1.066619075491e-09 9.027325533499e-20 5.386774983743e-19 
               276 6.289494635417e-19 9.668474786047e-01 1.252526984869e-01 1.304081331870e-09 9.027195480565e-20 5.386775087360e-19 
               277 6.289494452416e-19 9.668474138924e-01 1.252529771541e-01 1.423552999463e-09 9.027193910820e-20 5.386775061334e-19 
               278 6.289494408044e-19 9.668473437628e-01 1.252532790103e-01 1.486294842865e-09 9.027195570129e-20 5.386774851032e-19 
               279 6.289494353411e-19 9.668471039839e-01 1.252543107181e-01 1.532272064381e-09 9.027207072455e-20 5.386773646165e-19 
               280 6.289494329515e-19 9.668468979371e-01 1.252551965345e-01 1.251811200570e-09 9.027226941736e-20 5.386771635341e-19 
               281 6.289494141881e-19 9.668447650506e-01 1.252643643557e-01 -8.819907950585e-10 9.027422250269e-20 5.386751916854e-19 
               282 6.289494084753e-19 9.668446641668e-01 1.252647969898e-01 -7.934238522079e-10 9.027429043665e-20 5.386751180386e-19 
               283 6.289494071986e-19 9.668445636890e-01 1.252652278023e-01 -7.163733792992e-10 9.027436654538e-20 5.386750406533e-19 
               284 6.289494063790e-19 9.668444912823e-01 1.252655382095e-01 -6.675325518713e-10 9.027442157033e-20 5.386749848087e-19 
               285 6.289493981727e-19 9.668437253304e-01 1.252688214563e-01 -1.924088721947e-10 9.027500657759e-20 5.386743915951e-19 
               286 6.289493971894e-19 9.668436414088e-01 1.252691807815e-01 -1.827638255043e-10 9.027507142708e-20 5.386743257624e-19 
               287 6.289493939467e-19 9.668433262504e-01 1.252705300241e-01 -1.432098650415e-10 9.027531188458e-20 5.386740820621e-19 
               288 6.289493931030e-19 9.668432623624e-01 1.252708034144e-01 -1.345449696149e-10 9.027535889509e-20 5.386740342079e-19 
               289 6.289493910221e-19 9.668430683154e-01 1.252716336998e-01 -1.105114230377e-10 9.027550241503e-20 5.386738886070e-19 
               290 6.289493894454e-19 9.668429210273e-01 1.252722637274e-01 -9.673822286004e-11 9.027561165707e-20 5.386737777883e-19 
               291 6.289493323940e-19 9.668152410289e-01 1.253905948612e-01 2.134777466011e-09 9.029629472872e-20 5.386530376653e-19 
               292 6.289491342834e-19 9.668151840103e-01 1.253908258409e-01 2.001953342724e-09 9.029611480020e-20 5.386530194832e-19 
               293 6.289491277400e-19 9.668151353287e-01 1.253910229080e-01 1.895683128565e-09 9.029612350673e-20 5.386530042333e-19 
               294 6.289491273314e-19 9.668150867100e-01 1.253912196880e-01 1.795293767493e-09 9.029613894521e-20 5.386529883862e-19 
               295 6.289491043889e-19 9.668118174195e-01 1.254044493537e-01 -4.588547356017e-09 9.029722085600e-20 5.386518835329e-19 
               296 6.289491015653e-19 9.668116804776e-01 1.254049980545e-01 -3.849076100953e-09 9.029736984575e-20 5.386517317195e-19 
               297 6.289491000046e-19 9.668115792849e-01 1.254054034770e-01 -3.390689255849e-09 9.029747006881e-20 5.386516299358e-19 
               298 6.289490992859e-19 9.668114939137e-01 1.254057454701e-01 -3.053019715614e-09 9.029755558981e-20 5.386515436961e-19 
               299 6.289490934783e-19 9.668107181428e-01 1.254088528438e-01 -2.999725211178e-10 9.029832262569e-20 5.386507708526e-19 
               300 6.289490926086e-19 9.668106328858e-01 1.254091940417e-01 -2.808596801615e-10 9.029839670149e-20 5.386506959071e-19 
               301 6.289490917829e-19 9.668105258473e-01 1.254096223558e-01 -2.578415354185e-10 9.029848881469e-20 5.386506029683e-19 
               302 6.289490913046e-19 9.668104674899e-01 1.254098558364e-01 -2.460405395243e-10 9.029853855454e-20 5.386505527500e-19 
               303 6.289490883661e-19 9.668100768468e-01 1.254114186085e-01 -1.700310655785e-10 9.029886932921e-20 5.386502190369e-19 
               304 6.289490865054e-19 9.668098261423e-01 1.254124209659e-01 -1.339865104518e-10 9.029907436957e-20 5.386500121359e-19 
               305 6.289493526921e-19 9.668027855504e-01 1.254405564808e-01 6.714828187245e-10 9.030504302043e-20 5.386443096716e-19 
               306 6.289490416146e-19 9.668027371338e-01 1.254407477864e-01 6.445413484481e-10 9.030477734814e-20 5.386442642665e-19 
               307 6.289490355108e-19 9.668026898779e-01 1.254409342869e-01 6.190314384878e-10 9.030479882057e-20 5.386442366903e-19 
               308 6.289490350498e-19 9.668026429639e-01 1.254411194133e-01 5.943561550518e-10 9.030482457478e-20 5.386442104751e-19 
               309 6.289490342070e-19 9.668025208160e-01 1.254416013619e-01 5.319098897701e-10 9.030489251519e-20 5.386441416918e-19 
               310 6.289490337915e-19 9.668024613698e-01 1.254418358410e-01 5.039476470702e-10 9.030492680688e-20 5.386441069846e-19 
               311 6.289490231465e-19 9.668008468382e-01 1.254482031284e-01 -2.204651814780e-10 9.030587562789e-20 5.386431475186e-19 
               312 6.289490225278e-19 9.668007782475e-01 1.254484725560e-01 -2.111020672151e-10 9.030593202596e-20 5.386430905018e-19 
               313 6.289490220230e-19 9.668007148593e-01 1.254487215193e-01 -2.022869650834e-10 9.030598395734e-20 5.386430380657e-19 
               314 6.289490217145e-19 9.668006731317e-01 1.254488853907e-01 -1.964969063707e-10 9.030601793923e-20 5.386430037753e-19 
               315 6.289490201514e-19 9.668004384564e-01 1.254498069333e-01 -1.642084075274e-10 9.030620854759e-20 5.386428116038e-19 
               316 6.289489982996e-19 9.667970650253e-01 1.254630481104e-01 2.700706457257e-10 9.030889669913e-20 5.386401016004e-19 
               317 6.289924035909e-19 9.667323004096e-01 1.257154451833e-01 -9.398619632520e-09 9.039351999948e-20 5.385988835914e-19 
               318 6.289494224273e-19 9.667322972251e-01 1.257154619124e-01 -9.095930673859e-09 9.035166265391e-20 5.385977597734e-19 
               319 6.289489295687e-19 9.667322868005e-01 1.257154767337e-01 -8.964669746382e-09 9.035157777798e-20 5.385973517907e-19 
               320 6.289489030435e-19 9.667322772908e-01 1.257154902333e-01 -8.925563897042e-09 9.035190377901e-20 5.385969992645e-19 
               321 6.289488767729e-19 9.667322597534e-01 1.257155152673e-01 -8.918466072385e-09 9.035251518567e-20 5.385963615872e-19 
               322 6.289488339660e-19 9.667322200289e-01 1.257155725892e-01 -9.010528070809e-09 9.035384997570e-20 5.385949839903e-19 
               323 6.289488090021e-19 9.667320610865e-01 1.257158076260e-01 -8.547997830057e-09 9.035848389738e-20 5.385903251048e-19 
               324 6.289488008811e-19 9.667320444693e-01 1.257158346494e-01 -7.564694384315e-09 9.035849861353e-20 5.385903022676e-19 
               325 6.289487618553e-19 9.667320357714e-01 1.257158488040e-01 -7.155466323907e-09 9.035848702044e-20 5.385902748349e-19 
               326 6.289487614515e-19 9.667320274007e-01 1.257158624220e-01 -6.792800854966e-09 9.035851212828e-20 5.385902493233e-19 
               327 6.289487611418e-19 9.667320129607e-01 1.257158859240e-01 -6.210064859328e-09 9.035855625164e-20 5.385902048902e-19 
               328 6.289487607581e-19 9.667319896043e-01 1.257159239676e-01 -5.370670044993e-09 9.035862808863e-20 5.385901326695e-19 
               329 6.289487596540e-19 9.667318396754e-01 1.257161684992e-01 -8.295501726261e-10 9.035907444886e-20 5.385896852051e-19 
               330 6.289487611503e-19 9.667317924846e-01 1.257162461453e-01 -6.804916443195e-10 9.035914436409e-20 5.385896167863e-19 
               331 6.289487594544e-19 9.667317815180e-01 1.257162642177e-01 -6.395922558189e-10 9.035915708862e-20 5.385896023658e-19 
               332 6.289487594171e-19 9.667317715011e-01 1.257162807290e-01 -6.060765959382e-10 9.035916850305e-20 5.385895909140e-19 
               333 6.289487594023e-19 9.667317609089e-01 1.257162981925e-01 -5.734036501005e-10 9.035918076887e-20 5.385895786334e-19 
               334 6.289487593912e-19 9.667317523382e-01 1.257163123265e-01 -5.488612643154e-10 9.035919069105e-20 5.385895687002e-19 
               335 6.289487590357e-19 9.667314244068e-01 1.257168532301e-01 3.418459684304e-10 9.035956896132e-20 5.385891900744e-19 
               336 6.289487590262e-19 9.667313214747e-01 1.257170243498e-01 9.649945675811e-11 9.035966325371e-20 5.385890957724e-19 
               337 6.289487612248e-19 9.667312673962e-01 1.257171144609e-01 2.107785833739e-10 9.035968587087e-20 5.385890753539e-19 
               338 6.289487588758e-19 9.667312592168e-01 1.257171280897e-01 1.792047991768e-10 9.035969686794e-20 5.385890620078e-19 
               339 6.289487588502e-19 9.667312513258e-01 1.257171412423e-01 1.568231201948e-10 9.035970820744e-20 5.385890506428e-19 
               340 6.289487588316e-19 9.667312409708e-01 1.257171585072e-01 1.345781234883e-10 9.035972181539e-20 5.385890370162e-19 
               341 6.289487587749e-19 9.667311859652e-01 1.257172502494e-01 5.166426414987e-11 9.035978795192e-20 5.385889708230e-19 
               342 6.289487587422e-19 9.667311599607e-01 1.257172936909e-01 6.774251793350e-11 9.035981006098e-20 5.385889486812e-19 
               343 6.289487586505e-19 9.667310714744e-01 1.257174415690e-01 3.604021837405e-11 9.035990387891e-20 5.385888547716e-19 
               344 6.289487586370e-19 9.667310587222e-01 1.257174629242e-01 3.336853977186e-11 9.035991767522e-20 5.385888409618e-19 
               345 6.289487585710e-19 9.667309808882e-01 1.257175933074e-01 1.892826704646e-11 9.036000217289e-20 5.385887563981e-19 
               346 6.289487585485e-19 9.667309730832e-01 1.257176064062e-01 1.821400555189e-11 9.036001076703e-20 5.385887477814e-19 
               347 6.289487585384e-19 9.667309632874e-01 1.257176228490e-01 1.729360610063e-11 9.036002156121e-20 5.385887369772e-19 
               348 6.289487585248e-19 9.667309500517e-01 1.257176450712e-01 1.605739581062e-11 9.036003614268e-20 5.385887223821e-19 
               349 6.289487517528e-19 9.667193308547e-01 1.257371568642e-01 -1.021133340953e-09 9.037284283524e-20 5.385759089176e-19 
               350 6.289488242023e-19 9.667193023772e-01 1.257372674460e-01 -3.348593147463e-10 9.037303739763e-20 5.385757868047e-19 
               351 6.289487524275e-19 9.667193006557e-01 1.257372741884e-01 -2.873475246292e-10 9.037298049605e-20 5.385757719314e-19 
               352 6.289487516545e-19 9.667192990295e-01 1.257372805356e-01 -2.602661428817e-10 9.037298997415e-20 5.385757616803e-19 
               353 6.289487514328e-19 9.667192967619e-01 1.257372894025e-01 -2.346416584367e-10 9.037300138490e-20 5.385757500479e-19 
               354 6.289487513603e-19 9.667192924773e-01 1.257373061862e-01 -2.038795961230e-10 9.037301845258e-20 5.385757329077e-19 
               355 6.289487513569e-19 9.667192878803e-01 1.257373242297e-01 -1.840978946712e-10 9.037303117631e-20 5.385757201806e-19 
               356 6.289487513550e-19 9.667192829169e-01 1.257373437232e-01 -1.599055516110e-10 9.037304336759e-20 5.385757079874e-19 
               357 6.289487513544e-19 9.667192342939e-01 1.257375347852e-01 4.959194361308e-11 9.037315533876e-20 5.385755960157e-19 
               358 6.289487513390e-19 9.667192324785e-01 1.257375419523e-01 4.759431384980e-11 9.037315752354e-20 5.385755938154e-19 
               359 6.289487513382e-19 9.667192308641e-01 1.257375483262e-01 4.576866821219e-11 9.037315945547e-20 5.385755918827e-19 
               360 6.289487513382e-19 9.667192308641e-01 1.257375483262e-01 4.576866821219e-11 9.037315945547e-20 5.385755918827e-19 
