#              step            E_total                m_x                m_y                m_z             E_exch            E_demag 
#                                    J                                                                           J                  J 
                 0 5.945191985736e-18 4.405381553373e-02 -4.405381553373e-02 2.250223517569e-02 4.594837720600e-18 1.350354265136e-18 
                 1 5.121665346044e-18 4.314686559581e-02 -4.314686559580e-02 2.710017581954e-02 3.880645621435e-18 1.241019724609e-18 
                 2 4.210123221932e-18 4.281259949171e-02 -4.281259949169e-02 2.748294296920e-02 3.023802308478e-18 1.186320913454e-18 
                 3 3.788780814653e-18 4.259933412798e-02 -4.259933412796e-02 2.756979135809e-02 2.628988629298e-18 1.159792185355e-18 
                 4 3.739092709752e-18 4.243888660541e-02 -4.243888660539e-02 2.748326757035e-02 2.593467754975e-18 1.145624954778e-18 
                 5 3.731462407766e-18 4.227594316385e-02 -4.227594316383e-02 2.737171574429e-02 2.598874037993e-18 1.132588369774e-18 
                 6 3.723156824476e-18 4.203076969007e-02 -4.203076969005e-02 2.719224084243e-02 2.608614469350e-18 1.114542355127e-18 
                 7 3.703605289845e-18 4.071849715929e-02 -4.071849715925e-02 2.614890577410e-02 2.671773360751e-18 1.031831929094e-18 
                 8 3.724357380145e-18 4.010265333362e-02 -4.010265333358e-02 2.563121571399e-02 2.706915115430e-18 1.017442264715e-18 
                 9 3.703108416928e-18 3.997616138322e-02 -3.997616138318e-02 2.556561130865e-02 2.688329858905e-18 1.014778558023e-18 
                10 3.698691603038e-18 3.988774505474e-02 -3.988774505469e-02 2.552159550034e-02 2.685531663535e-18 1.013159939503e-18 
                11 3.698453962061e-18 3.980112971095e-02 -3.980112971091e-02 2.548012104282e-02 2.686730230253e-18 1.011723731808e-18 
                12 3.698202707112e-18 3.969311608609e-02 -3.969311608604e-02 2.543082831477e-02 2.688213457173e-18 1.009989249939e-18 
                13 3.695837186841e-18 3.773939815717e-02 -3.773939815711e-02 2.459126054982e-02 2.715286154796e-18 9.805510320454e-19 
                14 3.697212014292e-18 3.664707392387e-02 -3.664707392380e-02 2.474336614755e-02 2.718125203458e-18 9.790868108340e-19 
                15 3.702780105978e-18 3.638660602780e-02 -3.638660602772e-02 2.474272332473e-02 2.722385421776e-18 9.803946842023e-19 
                16 3.695301473439e-18 3.632207904276e-02 -3.632207904268e-02 2.474424837055e-02 2.715207071842e-18 9.800944015972e-19 
                17 3.695175605498e-18 3.626368196245e-02 -3.626368196237e-02 2.474528028556e-02 2.715149745819e-18 9.800258596791e-19 
                18 3.695143008384e-18 3.620403902470e-02 -3.620403902463e-02 2.474619032165e-02 2.715173677529e-18 9.799693308545e-19 
                19 3.694949349585e-18 3.564555021572e-02 -3.564555021563e-02 2.475332884463e-02 2.715433773257e-18 9.795155763283e-19 
                20 3.694848203794e-18 3.545921267795e-02 -3.545921267786e-02 2.475307782178e-02 2.715324835115e-18 9.795233686791e-19 
                21 3.694719191566e-18 3.510558572409e-02 -3.510558572399e-02 2.475381717487e-02 2.715382606040e-18 9.793365855261e-19 
                22 3.694675007467e-18 3.501425024659e-02 -3.501425024649e-02 2.475397137520e-02 2.715390407333e-18 9.792846001343e-19 
                23 3.694591959578e-18 3.479557052630e-02 -3.479557052620e-02 2.475418198571e-02 2.715429343141e-18 9.791626164369e-19 
                24 3.694561458895e-18 3.472357300627e-02 -3.472357300617e-02 2.475419319542e-02 2.715437714065e-18 9.791237448307e-19 
                25 3.694405618205e-18 3.431731071030e-02 -3.431731071019e-02 2.475400241165e-02 2.715501504500e-18 9.789041137047e-19 
                26 3.694376393868e-18 3.424619649897e-02 -3.424619649887e-02 2.475391319817e-02 2.715509817015e-18 9.788665768533e-19 
                27 3.694234767776e-18 3.386244684383e-02 -3.386244684372e-02 2.475321820326e-02 2.715571422904e-18 9.786633448726e-19 
                28 3.694205923362e-18 3.380716081417e-02 -3.380716081406e-02 2.475309518742e-02 2.715571552247e-18 9.786343711150e-19 
                29 3.694158256510e-18 3.368439916799e-02 -3.368439916788e-02 2.475280009260e-02 2.715587754226e-18 9.785705022837e-19 
                30 3.694130872641e-18 3.361402015310e-02 -3.361402015299e-02 2.475262116632e-02 2.715596847578e-18 9.785340250634e-19 
                31 3.691712021762e-18 2.640067567167e-02 -2.640067567145e-02 2.466961984233e-02 2.717531284071e-18 9.741807376913e-19 
                32 3.691845164989e-18 2.630694046267e-02 -2.630694046244e-02 2.467391446852e-02 2.717615795557e-18 9.742293694321e-19 
                33 3.691496170705e-18 2.626658197064e-02 -2.626658197042e-02 2.467553384232e-02 2.717264255145e-18 9.742319155593e-19 
                34 3.691480204275e-18 2.622818920807e-02 -2.622818920785e-02 2.467697528428e-02 2.717239284870e-18 9.742409194047e-19 
                35 3.691358092092e-18 2.590516854939e-02 -2.590516854916e-02 2.468819835517e-02 2.717058284948e-18 9.742998071446e-19 
                36 3.691238196890e-18 2.557436658460e-02 -2.557436658436e-02 2.469377446128e-02 2.716996942210e-18 9.742412546793e-19 
                37 3.693745863747e-18 1.304011982535e-02 -1.304011982482e-02 2.449336187295e-02 2.725257589037e-18 9.684882747095e-19 
                38 3.688826829753e-18 1.296789323688e-02 -1.296789323636e-02 2.450086499076e-02 2.720578438602e-18 9.682483911514e-19 
                39 3.687930159486e-18 1.291418556265e-02 -1.291418556213e-02 2.450511357614e-02 2.719724083276e-18 9.682060762105e-19 
                40 3.687828143461e-18 1.287145477320e-02 -1.287145477268e-02 2.450812886262e-02 2.719632666687e-18 9.681954767736e-19 
                41 3.687796472326e-18 1.282008953306e-02 -1.282008953254e-02 2.451156734795e-02 2.719605347838e-18 9.681911244877e-19 
                42 3.687769005526e-18 1.273816343817e-02 -1.273816343765e-02 2.451676619662e-02 2.719577178212e-18 9.681918273148e-19 
                43 3.687735138618e-18 1.250930017699e-02 -1.250930017648e-02 2.453017905433e-02 2.719525269977e-18 9.682098686417e-19 
                44 3.687721269929e-18 1.245944000976e-02 -1.245944000925e-02 2.453248070752e-02 2.719509305417e-18 9.682119645119e-19 
                45 3.687712369654e-18 1.241910786218e-02 -1.241910786167e-02 2.453423823129e-02 2.719500730401e-18 9.682116392531e-19 
                46 3.687707388683e-18 1.238796308973e-02 -1.238796308923e-02 2.453552936860e-02 2.719496994515e-18 9.682103941685e-19 
                47 3.687665817509e-18 1.210115848547e-02 -1.210115848497e-02 2.454692207339e-02 2.719472642761e-18 9.681931747487e-19 
                48 3.687619115089e-18 1.176361706225e-02 -1.176361706176e-02 2.455497128249e-02 2.719511744728e-18 9.681073703613e-19 
                49 3.691816365462e-18 9.068253857976e-03 -9.068253857555e-03 2.457052112105e-02 2.724237829493e-18 9.675785359694e-19 
                50 3.687528705861e-18 9.056652760933e-03 -9.056652760513e-03 2.456982096728e-02 2.720115401849e-18 9.674133040116e-19 
                51 3.687390750085e-18 9.044217135026e-03 -9.044217134606e-03 2.456894185897e-02 2.720012152226e-18 9.673785978594e-19 
                52 3.687326791142e-18 9.028587881920e-03 -9.028587881499e-03 2.456771351724e-02 2.719978848412e-18 9.673479427301e-19 
                53 3.687274569292e-18 8.983335577064e-03 -8.983335576643e-03 2.456395164181e-02 2.719985926485e-18 9.672886428061e-19 
                54 3.687265059977e-18 8.939231612332e-03 -8.939231611912e-03 2.456040939461e-02 2.719993369835e-18 9.672716901417e-19 
                55 3.687255222776e-18 8.689077850128e-03 -8.689077849711e-03 2.454374301926e-02 2.720044427687e-18 9.672107950888e-19 
                56 3.687216137895e-18 8.674253799997e-03 -8.674253799581e-03 2.454360661393e-02 2.720007680443e-18 9.672084574521e-19 
                57 3.687213663256e-18 8.659758116044e-03 -8.659758115628e-03 2.454347749048e-02 2.720006769031e-18 9.672068942256e-19 
                58 3.687211183524e-18 8.643759962756e-03 -8.643759962340e-03 2.454333806450e-02 2.720006269578e-18 9.672049139460e-19 
                59 3.687077641671e-18 7.484292836435e-03 -7.484292836044e-03 2.453065535663e-02 2.720057583563e-18 9.670200581078e-19 
                60 3.687057373133e-18 7.408357201377e-03 -7.408357200988e-03 2.453121916648e-02 2.720099440763e-18 9.669579323697e-19 
                61 3.687043570549e-18 7.360114489637e-03 -7.360114489249e-03 2.453111456690e-02 2.720102025969e-18 9.669415445794e-19 
                62 3.687038816861e-18 7.330645048071e-03 -7.330645047685e-03 2.453111937922e-02 2.720105049537e-18 9.669337673243e-19 
                63 3.687035606843e-18 7.306360838722e-03 -7.306360838336e-03 2.453111764282e-02 2.720108469151e-18 9.669271376917e-19 
                64 3.687033607664e-18 7.291567346048e-03 -7.291567345663e-03 2.453111291473e-02 2.720110560690e-18 9.669230469742e-19 
                65 3.687030176768e-18 7.256846586753e-03 -7.256846586369e-03 2.453109584776e-02 2.720116706258e-18 9.669134705097e-19 
                66 3.686989843100e-18 6.835782233621e-03 -6.835782233251e-03 2.453057799607e-02 2.720193157780e-18 9.667966853201e-19 
                67 3.688892132880e-18 8.768183770626e-04 -8.768183768834e-04 2.445688418163e-02 2.723761472009e-18 9.651306608713e-19 
                68 3.686764971977e-18 8.774106769807e-04 -8.774106768019e-04 2.445872235912e-02 2.721616389290e-18 9.651485826876e-19 
                69 3.686686558233e-18 8.774802379321e-04 -8.774802377532e-04 2.446038870366e-02 2.721479728568e-18 9.652068296645e-19 
                70 3.686675991107e-18 8.775321045352e-04 -8.775321043564e-04 2.446210753832e-02 2.721413910275e-18 9.652620808326e-19 
                71 3.686658700605e-18 8.777067483529e-04 -8.777067481749e-04 2.446936795733e-02 2.721183974368e-18 9.654747262367e-19 
                72 3.686655637167e-18 8.776134440513e-04 -8.776134438741e-04 2.447641431415e-02 2.721047076793e-18 9.656085603735e-19 
                73 3.686654789081e-18 8.769760915742e-04 -8.769760913981e-04 2.448336314410e-02 2.720930759715e-18 9.657240293659e-19 
                74 3.686653952409e-18 8.764425414738e-04 -8.764425412983e-04 2.448589702996e-02 2.720892524024e-18 9.657614283848e-19 
                75 3.686653729140e-18 8.758427533041e-04 -8.758427531292e-04 2.448801225721e-02 2.720861878529e-18 9.657918506109e-19 
                76 3.686653592954e-18 8.754344208150e-04 -8.754344206401e-04 2.448915547440e-02 2.720845667456e-18 9.658079254977e-19 
                77 3.686653446838e-18 8.746550049150e-04 -8.746550047406e-04 2.449108463363e-02 2.720818703524e-18 9.658347433143e-19 
                78 3.686653187514e-18 8.727482324128e-04 -8.727482322392e-04 2.449492796731e-02 2.720766092267e-18 9.658870952462e-19 
                79 3.686653728924e-18 8.595643002790e-04 -8.595643001112e-04 2.451252056625e-02 2.720537673947e-18 9.661160549773e-19 
                80 3.686652344112e-18 8.582374273118e-04 -8.582374271443e-04 2.451246579576e-02 2.720538977900e-18 9.661133662119e-19 
                81 3.686652254879e-18 8.571086979800e-04 -8.571086978127e-04 2.451241804464e-02 2.720540959240e-18 9.661112956393e-19 
                82 3.686652225173e-18 8.559788446834e-04 -8.559788445166e-04 2.451236970449e-02 2.720542860067e-18 9.661093651060e-19 
                83 3.686651375235e-18 7.989324569171e-04 -7.989324567640e-04 2.450990298951e-02 2.720633052332e-18 9.660183229032e-19 
                84 3.686650958167e-18 7.801899356653e-04 -7.801899355150e-04 2.450913135054e-02 2.720591132535e-18 9.660598256325e-19 
                85 3.686653353132e-18 7.649029758046e-04 -7.649029756573e-04 2.450994015956e-02 2.720588882734e-18 9.660644703984e-19 
                86 3.686650709854e-18 7.627527906515e-04 -7.627527905046e-04 2.450998498709e-02 2.720585520935e-18 9.660651889191e-19 
                87 3.686650638924e-18 7.606900318637e-04 -7.606900317170e-04 2.451002415727e-02 2.720584780894e-18 9.660658580297e-19 
                88 3.686650604709e-18 7.584469948698e-04 -7.584469947237e-04 2.451006451494e-02 2.720584133197e-18 9.660664715123e-19 
                89 3.686650498382e-18 7.485069942409e-04 -7.485069940965e-04 2.451023310168e-02 2.720581701183e-18 9.660687971990e-19 
                90 3.686650464415e-18 7.459809681057e-04 -7.459809679620e-04 2.451026479211e-02 2.720581394738e-18 9.660690696778e-19 
                91 3.686650427291e-18 7.422396745285e-04 -7.422396743852e-04 2.451030793668e-02 2.720580953880e-18 9.660694734116e-19 
                92 3.686650402941e-18 7.408208002386e-04 -7.408208000956e-04 2.451032223425e-02 2.720580791309e-18 9.660696116317e-19 
                93 3.686650373209e-18 7.381576092239e-04 -7.381576090816e-04 2.451034773107e-02 2.720580516885e-18 9.660698563234e-19 
                94 3.686650302838e-18 7.318103099489e-04 -7.318103098074e-04 2.451040275602e-02 2.720579928311e-18 9.660703745278e-19 
                95 3.686653817198e-18 1.501926474809e-04 -1.501926474419e-04 2.451385769362e-02 2.720552092580e-18 9.661017246175e-19 
                96 3.686647440263e-18 1.498069377254e-04 -1.498069376865e-04 2.451362802466e-02 2.720548305669e-18 9.660991345939e-19 
                97 3.686646496607e-18 1.495193206857e-04 -1.495193206469e-04 2.451347046650e-02 2.720549038384e-18 9.660974582225e-19 
                98 3.686646494290e-18 1.492313289760e-04 -1.492313289375e-04 2.451332173979e-02 2.720550596987e-18 9.660958973031e-19 
                99 3.686646484533e-18 1.476789815813e-04 -1.476789815429e-04 2.451256485018e-02 2.720558546468e-18 9.660879380654e-19 
               100 3.686646476841e-18 1.459680824949e-04 -1.459680824570e-04 2.451197054644e-02 2.720564867632e-18 9.660816092095e-19 
               101 3.686646576351e-18 1.412025404584e-04 -1.412025404212e-04 2.451079137279e-02 2.720577593335e-18 9.660689830157e-19 
               102 3.686646457756e-18 1.408309188604e-04 -1.408309188234e-04 2.451076924717e-02 2.720577710539e-18 9.660687472172e-19 
               103 3.686646456553e-18 1.404655434489e-04 -1.404655434116e-04 2.451074851570e-02 2.720577930279e-18 9.660685262739e-19 
               104 3.686646455478e-18 1.400544844148e-04 -1.400544843779e-04 2.451072633284e-02 2.720578169008e-18 9.660682864699e-19 
               105 3.686646432526e-18 1.278477955018e-04 -1.278477954673e-04 2.451010482010e-02 2.720584934558e-18 9.660614979683e-19 
               106 3.686646431608e-18 1.259502329926e-04 -1.259502329583e-04 2.451018742553e-02 2.720584240297e-18 9.660621913104e-19 
               107 3.686646426214e-18 1.249689033156e-04 -1.249689032815e-04 2.451022257358e-02 2.720583734151e-18 9.660626920621e-19 
               108 3.686646424988e-18 1.243585522998e-04 -1.243585522657e-04 2.451023904874e-02 2.720583583151e-18 9.660628418367e-19 
               109 3.686646423723e-18 1.239348110882e-04 -1.239348110542e-04 2.451024956766e-02 2.720583471564e-18 9.660629521594e-19 
               110 3.686646423089e-18 1.236515695230e-04 -1.236515694893e-04 2.451025612414e-02 2.720583401575e-18 9.660630215140e-19 
               111 3.686646422088e-18 1.230283039853e-04 -1.230283039518e-04 2.451026989190e-02 2.720583254158e-18 9.660631679302e-19 
               112 3.686646421156e-18 1.224462101323e-04 -1.224462100985e-04 2.451028144072e-02 2.720583129334e-18 9.660632918220e-19 
               113 3.686646391841e-18 7.911602809218e-05 -7.911602806867e-05 2.451105673754e-02 2.720574743217e-18 9.660716486232e-19 
               114 3.686646372341e-18 7.898064554789e-05 -7.898064552440e-05 2.451100662406e-02 2.720575249944e-18 9.660711223965e-19 
               115 3.686646364945e-18 7.888947180462e-05 -7.888947178115e-05 2.451097598493e-02 2.720575566688e-18 9.660707982575e-19 
               116 3.686646364694e-18 7.879860382761e-05 -7.879860380411e-05 2.451094729953e-02 2.720575870578e-18 9.660704941161e-19 
               117 3.686646361461e-18 7.749631915182e-05 -7.749631912897e-05 2.451056056089e-02 2.720579979045e-18 9.660663824154e-19 
               118 3.686646359957e-18 7.632974276046e-05 -7.632974273796e-05 2.451046722424e-02 2.720581080067e-18 9.660652798906e-19 
               119 3.686646449929e-18 7.472642930516e-05 -7.472642928327e-05 2.451040947137e-02 2.720581780958e-18 9.660646689713e-19 
               120 3.686646356658e-18 7.459273636234e-05 -7.459273634054e-05 2.451040774494e-02 2.720581721625e-18 9.660646350329e-19 
               121 3.686646356289e-18 7.445909375599e-05 -7.445909373411e-05 2.451040617776e-02 2.720581748614e-18 9.660646076747e-19 
               122 3.686646356019e-18 7.429977774445e-05 -7.429977772236e-05 2.451040444821e-02 2.720581775758e-18 9.660645802612e-19 
               123 3.686646353941e-18 7.265693048402e-05 -7.265693046283e-05 2.451038800496e-02 2.720582010234e-18 9.660643437072e-19 
               124 3.686646353246e-18 7.227970436299e-05 -7.227970434186e-05 2.451038692288e-02 2.720581992020e-18 9.660643612257e-19 
               125 3.686646352884e-18 7.168966336300e-05 -7.168966334196e-05 2.451038496866e-02 2.720582013589e-18 9.660643392953e-19 
               126 3.686646352312e-18 7.156662250301e-05 -7.156662248231e-05 2.451038467092e-02 2.720582016411e-18 9.660643359009e-19 
               127 3.686646352133e-18 7.142284572875e-05 -7.142284570804e-05 2.451038433759e-02 2.720582020134e-18 9.660643319987e-19 
               128 3.686646351793e-18 7.114722786444e-05 -7.114722784353e-05 2.451038372940e-02 2.720582027054e-18 9.660643247388e-19 
               129 3.686646318784e-18 2.095644905576e-05 -2.095644905047e-05 2.451027870201e-02 2.720583259550e-18 9.660630592340e-19 
               130 3.686647062373e-18 1.685194852338e-05 -1.685194851844e-05 2.451042051789e-02 2.720582397398e-18 9.660646649754e-19 
               131 3.686646329214e-18 1.678112633284e-05 -1.678112632797e-05 2.451041954019e-02 2.720581659519e-18 9.660646696949e-19 
               132 3.686646317010e-18 1.671823449499e-05 -1.671823449035e-05 2.451041826325e-02 2.720581644958e-18 9.660646720526e-19 
               133 3.686646315934e-18 1.665033991468e-05 -1.665033990972e-05 2.451041668747e-02 2.720581652352e-18 9.660646635814e-19 
               134 3.686646315293e-18 1.649746805216e-05 -1.649746804733e-05 2.451041287749e-02 2.720581686815e-18 9.660646284785e-19 
               135 3.686646315218e-18 1.632332218101e-05 -1.632332217645e-05 2.451040824505e-02 2.720581748099e-18 9.660645671196e-19 
               136 3.686646315169e-18 1.618675863754e-05 -1.618675863279e-05 2.451040485565e-02 2.720581790493e-18 9.660645246767e-19 
               137 3.686646314970e-18 1.532768654787e-05 -1.532768654314e-05 2.451038511811e-02 2.720582033028e-18 9.660642819416e-19 
               138 3.686646314888e-18 1.525016272100e-05 -1.525016271641e-05 2.451038442285e-02 2.720582039058e-18 9.660642758302e-19 
               139 3.686646314862e-18 1.518675712413e-05 -1.518675711953e-05 2.451038389306e-02 2.720582044110e-18 9.660642707520e-19 
               140 3.686646314848e-18 1.513630591434e-05 -1.513630590965e-05 2.451038349837e-02 2.720582048123e-18 9.660642667252e-19 
               141 3.686646314736e-18 1.468182417889e-05 -1.468182417451e-05 2.451038011656e-02 2.720582083334e-18 9.660642314019e-19 
               142 3.686646314643e-18 1.405584582198e-05 -1.405584581764e-05 2.451037762538e-02 2.720582117646e-18 9.660641969969e-19 
               143 3.686646327555e-18 1.334659130066e-05 -1.334659129652e-05 2.451037601346e-02 2.720582129822e-18 9.660641977335e-19 
               144 3.686646314477e-18 1.331281944537e-05 -1.331281944122e-05 2.451037606955e-02 2.720582120630e-18 9.660641938471e-19 
               145 3.686646314456e-18 1.327931583396e-05 -1.327931582980e-05 2.451037611757e-02 2.720582122990e-18 9.660641914658e-19 
               146 3.686646314445e-18 1.323166229467e-05 -1.323166229039e-05 2.451037617147e-02 2.720582125326e-18 9.660641891195e-19 
               147 3.686646314415e-18 1.305650088895e-05 -1.305650088483e-05 2.451037629831e-02 2.720582130434e-18 9.660641839808e-19 
               148 3.686646314398e-18 1.296371661274e-05 -1.296371660851e-05 2.451037625506e-02 2.720582129629e-18 9.660641847695e-19 
               149 3.686646314326e-18 1.234246468310e-05 -1.234246467924e-05 2.451037604985e-02 2.720582132044e-18 9.660641822827e-19 
               150 3.686646314292e-18 1.229670386469e-05 -1.229670386086e-05 2.451037608054e-02 2.720582130850e-18 9.660641834412e-19 
               151 3.686646314283e-18 1.225380037867e-05 -1.225380037478e-05 2.451037608943e-02 2.720582130948e-18 9.660641833350e-19 
               152 3.686646314277e-18 1.221814322002e-05 -1.221814321602e-05 2.451037609251e-02 2.720582131029e-18 9.660641832487e-19 
               153 3.686646314116e-18 1.113244294023e-05 -1.113244293666e-05 2.451037613938e-02 2.720582133438e-18 9.660641806782e-19 
               154 3.686646314171e-18 1.066429654339e-05 -1.066429653992e-05 2.451037569408e-02 2.720582127335e-18 9.660641868364e-19 
               155 3.686646316972e-18 1.052823155660e-05 -1.052823155317e-05 2.451037633804e-02 2.720582132905e-18 9.660641840664e-19 
               156 3.686646314055e-18 1.050643163919e-05 -1.050643163588e-05 2.451037624416e-02 2.720582131948e-18 9.660641821067e-19 
               157 3.686646314024e-18 1.048511811794e-05 -1.048511811476e-05 2.451037618792e-02 2.720582132593e-18 9.660641814316e-19 
               158 3.686646314016e-18 1.045726524519e-05 -1.045726524167e-05 2.451037613991e-02 2.720582132785e-18 9.660641812303e-19 
               159 3.686646314006e-18 1.039609208903e-05 -1.039609208585e-05 2.451037607867e-02 2.720582132422e-18 9.660641815840e-19 
               160 3.686646314000e-18 1.035415299928e-05 -1.035415299591e-05 2.451037607166e-02 2.720582132032e-18 9.660641819677e-19 
               161 3.686646313889e-18 9.546843988992e-06 -9.546843985837e-06 2.451037597075e-02 2.720582130406e-18 9.660641834836e-19 
               162 3.686646313887e-18 9.490385214208e-06 -9.490385211228e-06 2.451037603698e-02 2.720582131323e-18 9.660641825635e-19 
               163 3.686646313878e-18 9.458659141708e-06 -9.458659138760e-06 2.451037604352e-02 2.720582131686e-18 9.660641821923e-19 
               164 3.686646313872e-18 9.439894662324e-06 -9.439894659368e-06 2.451037604634e-02 2.720582131751e-18 9.660641821207e-19 
               165 3.686646313868e-18 9.415198362653e-06 -9.415198359691e-06 2.451037604913e-02 2.720582131824e-18 9.660641820442e-19 
               166 3.686646313865e-18 9.388291667891e-06 -9.388291664928e-06 2.451037605116e-02 2.720582131880e-18 9.660641819851e-19 
               167 3.686646313260e-18 1.604893644518e-06 -1.604893644333e-06 2.451037634406e-02 2.720582143550e-18 9.660641697097e-19 
               168 3.686646321835e-18 1.572547045363e-06 -1.572547045226e-06 2.451037422342e-02 2.720582099193e-18 9.660642226418e-19 
               169 3.686646313307e-18 1.570520785163e-06 -1.570520784870e-06 2.451037466604e-02 2.720582101370e-18 9.660642119373e-19 
               170 3.686646313262e-18 1.568567540685e-06 -1.568567540546e-06 2.451037498428e-02 2.720582108809e-18 9.660642044532e-19 
               171 3.686646313246e-18 1.565851680544e-06 -1.565851680170e-06 2.451037531938e-02 2.720582116624e-18 9.660641966219e-19 
               172 3.686646313234e-18 1.558508493954e-06 -1.558508493609e-06 2.451037592389e-02 2.720582130637e-18 9.660641825974e-19 
               173 3.686646313234e-18 1.550177261522e-06 -1.550177261318e-06 2.451037601098e-02 2.720582132535e-18 9.660641806981e-19 
               174 3.686646313234e-18 1.550177261522e-06 -1.550177261318e-06 2.451037601098e-02 2.720582132535e-18 9.660641806981e-19 
